#YY  MM DD hh mm WDIR WSPD GST  WVHT   DPD   APD MWD   PRES  ATMP  WTMP  DEWP  VIS  TIDE
#yr  mo dy hr mn degT m/s  m/s     m   sec   sec deg    hPa  degC  degC  degC  nmi    ft
2014 02 28 23 50 168  9.0 11.5  2.81  9.09  6.59 169  995.8  13.0  12.6 999.0 99.0 99.00
2014 03 01 00 50 162  8.8 10.1  3.05  9.09  6.69 173  995.9  12.9  12.6 999.0 99.0 99.00
2014 03 01 01 50 167  9.0 10.7  2.99  9.09  6.63 176  995.9  13.0  12.6 999.0 99.0 99.00
2014 03 01 02 50 149  9.4 11.3  2.69  9.09  6.19 177  996.2  13.0  12.6 999.0 99.0 99.00
2014 03 01 03 50 146 11.5 13.5 99.00 99.00 99.00 999  996.3  13.0  12.7 999.0 99.0 99.00
2014 03 01 04 50 150 12.8 16.2  2.82  9.09  6.32 188  996.1  13.2  12.6 999.0 99.0 99.00
2014 03 01 05 50 145 13.4 16.3  3.18  9.09  6.44 184  996.1  13.2  12.6 999.0 99.0 99.00
2014 03 01 06 50 137 13.3 16.4  3.19  9.09  6.27 184  996.1  13.1  12.6 999.0 99.0 99.00
2014 03 01 07 50 141 14.6 18.8 99.00 99.00 99.00 999  995.7  13.2  12.6 999.0 99.0 99.00
2014 03 01 08 50 138 14.4 17.1 99.00 99.00 99.00 999  995.6  13.2  12.5 999.0 99.0 99.00
2014 03 01 09 50 136 15.0 18.2 99.00 99.00 99.00 999  995.6  13.2  12.5 999.0 99.0 99.00
2014 03 01 10 50 141 14.5 19.3 99.00 99.00 99.00 999  995.2  12.8  12.5 999.0 99.0 99.00
2014 03 01 11 50 133 14.6 17.8 99.00 99.00 99.00 999  994.9  12.9  12.5 999.0 99.0 99.00
2014 03 01 12 50 140 14.8 18.0  6.23 14.81  8.62 243  994.8  13.2  12.5 999.0 99.0 99.00
2014 03 01 13 50 139 14.5 18.0 99.00 99.00 99.00 999  995.4  13.1  12.4 999.0 99.0 99.00
2014 03 01 14 50 145 12.3 15.0  5.98 13.79  8.69 238  996.4  13.2  12.5 999.0 99.0 99.00
2014 03 01 15 50 141 13.4 15.6  5.95 13.79  8.62 235  997.1  13.2  12.5 999.0 99.0 99.00
2014 03 01 16 50 139 11.6 15.7  4.86 12.12  8.16 226  998.7  13.5  12.5 999.0 99.0 99.00
2014 03 01 17 50 137 13.4 16.8  5.01 12.12  8.11 221  999.3  13.2  12.5 999.0 99.0 99.00
2014 03 01 18 50 135 12.0 14.9  4.79 14.81  8.07 237 1001.2  13.4  12.5 999.0 99.0 99.00
2014 03 01 19 50 133 12.7 15.8 99.00 99.00 99.00 999 1001.2  13.2  12.6 999.0 99.0 99.00
2014 03 01 20 50 135 12.3 14.9  4.55 13.79  7.78 241 1002.3  13.2  12.6 999.0 99.0 99.00
2014 03 01 21 50 139  9.9 12.1  3.98 12.12  7.61 218 1003.2  13.3  12.6 999.0 99.0 99.00
2014 03 01 22 50 135 10.0 12.2  4.09 12.12  7.67 236 1003.5  13.4  12.6 999.0 99.0 99.00
2014 03 01 23 50 141 10.2 12.8  3.60 14.81  7.52 260 1004.3  13.4  12.7 999.0 99.0 99.00
2014 03 02 00 50 139 12.0 14.8  3.70 12.90  7.50 234 1003.8  13.3  12.7 999.0 99.0 99.00
2014 03 02 01 50 143 10.8 14.7  3.77 13.79  7.63 254 1005.5  13.1  12.7 999.0 99.0 99.00
2014 03 02 02 50 152 10.8 13.0 99.00 99.00 99.00 999 1006.3  12.9  12.7 999.0 99.0 99.00
2014 03 02 03 50 137 10.9 13.8 99.00 99.00 99.00 999 1007.1  12.7  12.6 999.0 99.0 99.00
2014 03 02 04 50 140 10.1 12.7  3.54 12.90  7.22 240 1007.7  12.8  12.6 999.0 99.0 99.00
2014 03 02 05 50 142  9.4 11.1  3.69 12.12  7.49 248 1008.3  13.0  12.5 999.0 99.0 99.00
2014 03 02 06 50 147 11.0 13.0  3.80 12.90  7.89 256 1008.9  12.9  12.4 999.0 99.0 99.00
2014 03 02 07 50 140  8.8 11.1  3.95 12.90  8.02 254 1009.0  12.9  12.4 999.0 99.0 99.00
2014 03 02 08 50 141  9.6 11.8  3.61 12.90  7.72 259 1009.3  12.8  12.4 999.0 99.0 99.00
2014 03 02 09 50 143 10.2 12.6  3.62 12.12  7.59 256 1009.7  12.7  12.4 999.0 99.0 99.00
2014 03 02 10 50 150  9.7 12.0 99.00 99.00 99.00 999 1009.8  12.6  12.4 999.0 99.0 99.00
2014 03 02 11 50 158 10.0 12.6  3.39 12.90  7.51 262 1009.7  12.5  12.4 999.0 99.0 99.00
2014 03 02 12 50 175  8.7 10.3  3.41 12.90  7.69 265 1010.6  12.5  12.4 999.0 99.0 99.00
2014 03 02 13 50 177  7.5  8.7  3.30 12.90  7.80 269 1011.5  12.5  12.4 999.0 99.0 99.00
2014 03 02 14 50 191  6.6  7.9  3.22 12.12  8.03 275 1012.5  12.5  12.4 999.0 99.0 99.00
2014 03 02 15 50 202  5.5  6.7  2.76 12.90  7.68 279 1013.9  12.5  12.3 999.0 99.0 99.00
2014 03 02 16 50 212  7.1  8.7  2.61 12.12  7.43 274 1015.2  12.4  12.3 999.0 99.0 99.00
2014 03 02 17 50 218  6.0  7.3  2.43 12.12  7.67 274 1016.5  12.6  12.3 999.0 99.0 99.00
2014 03 02 18 50 235  4.2  5.6  2.36 12.90  7.90 271 1017.7  12.7  12.4 999.0 99.0 99.00
2014 03 02 19 50 219  4.1  5.1  2.52 12.12  8.20 269 1018.3  12.9  12.4 999.0 99.0 99.00
2014 03 02 20 50 217  4.5  5.6  2.52 12.90  8.20 265 1018.6  13.1  12.5 999.0 99.0 99.00
2014 03 02 21 50 221  4.6  6.0  2.26 11.43  7.81 268 1018.9  13.2  12.6 999.0 99.0 99.00
2014 03 02 22 50 214  3.5  4.4  2.30 12.12  8.16 277 1019.4  13.1  12.8 999.0 99.0 99.00
2014 03 02 23 50 212  2.5  3.1  2.42 12.12  7.92 271 1019.6  13.3  12.9 999.0 99.0 99.00
2014 03 03 00 50 188  2.4  3.0  2.30 11.43  7.57 279 1019.8  12.9  12.9 999.0 99.0 99.00
2014 03 03 01 50 176  2.4  2.9  2.49 10.81  8.02 276 1020.4  12.8  12.9 999.0 99.0 99.00
2014 03 03 02 50 166  3.1  3.8  2.40 11.43  7.94 273 1020.6  12.7  12.8 999.0 99.0 99.00
2014 03 03 03 50 169  3.6  4.5  2.29 10.00  7.80 269 1020.9  12.7  12.8 999.0 99.0 99.00
2014 03 03 04 50 163  3.1  4.1  2.44 11.43  8.01 284 1020.7  12.6  12.7 999.0 99.0 99.00
2014 03 03 05 50 173  3.8  5.0  2.26 12.12  7.83 277 1021.5  12.6  12.7 999.0 99.0 99.00
2014 03 03 06 50 182  3.3  4.1  2.32 11.43  7.98 271 1022.1  11.7  12.7 999.0 99.0 99.00
2014 03 03 07 50 159  4.4  5.4  2.01 11.43  7.71 282 1022.0  11.3  12.7 999.0 99.0 99.00
2014 03 03 08 50 176  4.8  5.9  2.23 10.81  7.90 278 1021.8  11.1  12.6 999.0 99.0 99.00
2014 03 03 09 50 164  5.0  6.5  2.11 12.12  7.87 283 1021.6  11.4  12.6 999.0 99.0 99.00
2014 03 03 10 50 154  4.6  6.1  2.07 11.43  8.02 279 1021.3  11.3  12.6 999.0 99.0 99.00
2014 03 03 11 50 153  3.8  4.6  1.88 12.12  7.67 274 1021.2  11.1  12.6 999.0 99.0 99.00
2014 03 03 12 50 143  5.4  6.4  1.75 10.81  7.52 277 1020.8  10.9  12.6 999.0 99.0 99.00
2014 03 03 13 50 136  5.2  6.9  1.84 11.43  7.69 278 1021.0  10.8  12.6 999.0 99.0 99.00
2014 03 03 14 50 155  4.7  5.6  1.71 11.43  7.35 296 1020.8  10.7  12.6 999.0 99.0 99.00
2014 03 03 15 50 149  5.4  6.4  1.50 11.43  6.99 280 1021.1  11.0  12.5 999.0 99.0 99.00
2014 03 03 16 50 144  4.9  5.9  1.60 11.43  7.20 272 1021.6  11.5  12.5 999.0 99.0 99.00
2014 03 03 17 50 149  4.5  5.3  1.57 11.43  7.67 282 1021.5  11.8  12.6 999.0 99.0 99.00
2014 03 03 18 50 165  4.9  5.7  1.34 11.43  7.21 280 1021.3  11.4  12.6 999.0 99.0 99.00
2014 03 03 19 50 168  4.4  5.2  1.48 10.00  7.40 272 1021.1  11.5  12.7 999.0 99.0 99.00
2014 03 03 20 50 169  4.2  5.2  1.57 10.00  7.91 283 1020.8  11.5  12.8 999.0 99.0 99.00
2014 03 03 21 50 162  4.2  5.1  1.65 10.81  7.97 267 1020.2  11.8  12.8 999.0 99.0 99.00
2014 03 03 22 50 185  4.8  5.7  1.58 17.39  7.49 274 1019.5  12.1  12.8 999.0 99.0 99.00
2014 03 03 23 50 182  4.1  5.1  1.69 16.00  7.69 262 1019.2  12.0  12.9 999.0 99.0 99.00
2014 03 04 00 50 175  4.3  5.4  1.75 13.79  7.67 274 1019.4  12.0  12.9 999.0 99.0 99.00
2014 03 04 01 50 173  4.2  5.0  1.73 17.39  7.31 292 1019.4  12.1  12.9 999.0 99.0 99.00
2014 03 04 02 50 164  4.9  6.0  1.86 17.39  7.66 272 1019.3  12.3  12.9 999.0 99.0 99.00
2014 03 04 03 50 161  4.9  5.7  1.66 16.00  7.28 267 1019.0  12.4  12.8 999.0 99.0 99.00
2014 03 04 04 50 166  5.3  6.2  1.68 14.81  7.05 264 1019.3  12.4  12.8 999.0 99.0 99.00
2014 03 04 05 50 153  5.4  6.3  1.85 16.00  7.83 288 1019.2  12.5  12.8 999.0 99.0 99.00
2014 03 04 06 50 142  5.8  7.5  1.95 16.00  8.04 259 1018.9  12.5  12.8 999.0 99.0 99.00
2014 03 04 07 50 135  7.5 10.3 99.00 99.00 99.00 999 1018.3  12.5  12.8 999.0 99.0 99.00
2014 03 04 08 50 146  7.0  8.6 99.00 99.00 99.00 999 1018.6  12.4  12.8 999.0 99.0 99.00
2014 03 04 09 50 147  7.4  8.7  2.12 17.39  7.07 282 1018.8  12.3  12.8 999.0 99.0 99.00
2014 03 04 10 50 138  5.7  7.0  2.20 12.90  7.38 278 1018.1  12.3  12.8 999.0 99.0 99.00
2014 03 04 11 50 130  4.9  6.1 99.00 99.00 99.00 999 1017.7  12.4  12.8 999.0 99.0 99.00
2014 03 04 12 50 132  3.7  4.9  2.13 17.39  7.53 281 1017.5  12.6  12.8 999.0 99.0 99.00
2014 03 04 13 50 115  4.0  5.1 99.00 99.00 99.00 999 1017.8  12.4  12.8 999.0 99.0 99.00
2014 03 04 14 50  94  5.1  6.4  2.14 11.43  7.60 270 1018.6  12.4  12.8 999.0 99.0 99.00
2014 03 04 15 50 101  5.4  6.4  2.27 16.00  8.01 287 1019.1  12.3  12.7 999.0 99.0 99.00
2014 03 04 16 50 100  5.0  6.1  2.57 12.90  8.42 297 1019.7  12.4  12.8 999.0 99.0 99.00
2014 03 04 17 50 118  3.9  5.4  2.62 12.12  8.97 278 1019.9  12.5  12.8 999.0 99.0 99.00
2014 03 04 18 50 114  4.1  5.6  2.48 16.00  9.38 286 1020.1  12.5  12.8 999.0 99.0 99.00
2014 03 04 19 50 134  3.6  4.6  2.60 16.00  9.70 280 1020.0  12.5  12.8 999.0 99.0 99.00
2014 03 04 20 50 126  1.9  3.3  2.98 16.00 10.22 281 1019.3  12.6  12.9 999.0 99.0 99.00
2014 03 04 21 50 210  2.6  3.5  3.16 16.00 11.11 278 1019.1  12.6  13.0 999.0 99.0 99.00
2014 03 04 22 50 199  1.6  2.3  3.08 17.39 11.13 281 1018.5  12.6  13.1 999.0 99.0 99.00
2014 03 04 23 50 180  0.9  1.8  3.52 17.39 11.29 277 1018.4  12.5  13.3 999.0 99.0 99.00
2014 03 05 00 50 151  0.6  1.9  3.74 16.00 11.77 274 1018.3  12.2  13.3 999.0 99.0 99.00
2014 03 05 01 50 214  2.8  3.6  3.50 16.00 11.36 282 1018.6  11.9  13.2 999.0 99.0 99.00
2014 03 05 02 50 218  2.0  2.8  3.35 16.00 11.11 280 1019.0  12.1  13.1 999.0 99.0 99.00
2014 03 05 03 50 241  2.8  3.7  2.90 16.00 10.38 282 1019.3  11.7  13.1 999.0 99.0 99.00
2014 03 05 04 50 265  1.9  3.1  3.23 16.00 10.75 284 1019.8  12.4  13.0 999.0 99.0 99.00
2014 03 05 05 50 270  1.5  2.6 99.00 99.00 99.00 999 1019.6  12.7  12.9 999.0 99.0 99.00
2014 03 05 06 50 115  1.0  2.0  2.73 14.81 10.34 290 1019.8  12.1  12.9 999.0 99.0 99.00
2014 03 05 07 50 121  1.1  2.0  2.46 14.81 10.05 278 1019.8  12.3  12.9 999.0 99.0 99.00
2014 03 05 08 50 105  2.0  2.9  2.77 14.81 10.79 277 1019.6  12.3  12.9 999.0 99.0 99.00
2014 03 05 09 50 105  1.2  1.9  2.83 14.81 11.20 281 1019.7  12.2  12.9 999.0 99.0 99.00
2014 03 05 10 50 124  1.6  2.7  2.23 14.81 10.25 276 1019.1  12.3  12.9 999.0 99.0 99.00
2014 03 05 11 50 112  2.3  3.3  2.35 14.81 10.31 281 1019.0  12.0  12.9 999.0 99.0 99.00
2014 03 05 12 50 133  1.8  2.8  2.66 13.79 10.84 290 1019.1  11.8  13.0 999.0 99.0 99.00
2014 03 05 13 50 116  4.1  5.2 99.00 99.00 99.00 999 1019.1  11.6  13.0 999.0 99.0 99.00
2014 03 05 14 50 122  3.5  4.9  2.40 13.79 10.61 284 1019.0  11.5  12.9 999.0 99.0 99.00
2014 03 05 15 50 140  2.0  2.9  2.55 14.81 10.75 292 1019.8  11.4  12.9 999.0 99.0 99.00
2014 03 05 16 50 163  1.9  2.6  2.18 12.90  9.88 287 1020.2  11.5  12.9 999.0 99.0 99.00
2014 03 05 17 50 132  4.0  5.1  2.28 13.79 10.13 286 1020.0  11.4  12.9 999.0 99.0 99.00
2014 03 05 18 50 150  3.6  5.1  2.29 13.79 10.08 277 1020.1  11.5  13.0 999.0 99.0 99.00
2014 03 05 19 50 183  2.4  3.7  2.09 14.81  9.65 275 1020.5  12.1  13.1 999.0 99.0 99.00
2014 03 05 20 50 154  3.5  4.4  2.07 12.90  9.62 278 1019.5  12.2  13.3 999.0 99.0 99.00
2014 03 05 21 50 148  3.2  4.2  2.31 12.90 10.13 270 1018.7  12.3  13.4 999.0 99.0 99.00
2014 03 05 22 50 159  3.3  4.4  2.42 13.79 10.74 272 1018.5  12.7  13.5 999.0 99.0 99.00
2014 03 05 23 50 155  3.3  4.1  2.19 14.81 10.19 278 1018.4  13.1  13.5 999.0 99.0 99.00
2014 03 06 00 50 154  3.8  4.4  1.91 14.81  9.51 275 1018.2  13.2  13.4 999.0 99.0 99.00
2014 03 06 01 50 167  4.0  5.0  2.06 13.79  9.92 281 1018.2  13.4  13.4 999.0 99.0 99.00
2014 03 06 02 50 150  3.8  4.6  1.97 13.79  9.60 281 1018.0  13.4  13.4 999.0 99.0 99.00
2014 03 06 03 50 141  4.3  5.1  1.82 13.79  9.13 279 1017.8  13.4  13.3 999.0 99.0 99.00
2014 03 06 04 50 160  5.6  6.5  2.02 14.81  9.28 283 1017.7  13.3  13.3 999.0 99.0 99.00
2014 03 06 05 50 176  6.7  8.3  1.95 13.79  8.44 278 1017.8  13.5  13.2 999.0 99.0 99.00
2014 03 06 06 50 182  6.4  7.5  1.79 14.81  7.38 279 1018.1  13.6  13.2 999.0 99.0 99.00
2014 03 06 07 50 193  5.0  5.7 99.00 99.00 99.00 999 1018.7  13.5  13.2 999.0 99.0 99.00
2014 03 06 08 50 210  4.3  5.1  2.20 13.79  7.98 287 1018.9  13.5  13.2 999.0 99.0 99.00
2014 03 06 09 50 247  3.4  4.3 99.00 99.00 99.00 999 1019.2  13.6  13.2 999.0 99.0 99.00
2014 03 06 10 50 265  4.2  5.1  1.95 13.79  7.70 269 1019.3  13.4  13.2 999.0 99.0 99.00
2014 03 06 11 50 278  3.7  4.7  2.04 12.12  8.07 274 1019.5  13.3  13.2 999.0 99.0 99.00
2014 03 06 12 50 326  3.4  4.9  2.23 12.90  8.55 281 1019.6  13.1  13.1 999.0 99.0 99.00
2014 03 06 13 50 343  3.7  4.7  2.18 12.90  8.62 282 1020.1  12.5  13.1 999.0 99.0 99.00
2014 03 06 14 50   8  2.4  3.7  2.16 12.12  8.45 278 1020.0  12.7  13.1 999.0 99.0 99.00
2014 03 06 15 50 299  2.3  3.3  2.19 12.12  8.29 289 1021.0  12.7  13.1 999.0 99.0 99.00
2014 03 06 16 50 285  3.5  4.6 99.00 99.00 99.00 999 1022.0  12.5  13.1 999.0 99.0 99.00
2014 03 06 18 50 292  4.0  4.7 99.00 99.00 99.00 999 1022.8  11.4  13.3 999.0 99.0 99.00
2014 03 06 19 50 303  4.3  5.2  2.51 11.43  8.96 281 1022.9  11.6  13.4 999.0 99.0 99.00
2014 03 06 20 50 327  4.5  5.7  2.42 12.90  8.85 292 1022.5  12.3  13.6 999.0 99.0 99.00
2014 03 06 21 50 315  4.1  5.1  2.48 12.12  9.04 284 1021.8  12.9  13.7 999.0 99.0 99.00
2014 03 06 22 50 316  3.9  5.0  2.92 12.90  9.64 284 1021.8  13.2  13.8 999.0 99.0 99.00
2014 03 06 23 50 311  4.4  5.5  2.79 12.12  9.48 285 1021.8  13.3  13.8 999.0 99.0 99.00
2014 03 07 00 50 311  3.8  4.9  2.90 14.81  9.77 285 1021.6  13.6  13.8 999.0 99.0 99.00
2014 03 07 01 50 318  3.3  4.4  3.15 11.43  9.97 282 1021.4  13.5  13.8 999.0 99.0 99.00
2014 03 07 02 50 319  4.6  5.6  3.24 12.12  9.90 286 1021.7  13.4  13.8 999.0 99.0 99.00
2014 03 07 03 50 314  5.3  6.9 99.00 99.00 99.00 999 1022.2  13.4  13.7 999.0 99.0 99.00
2014 03 07 04 50 328  6.1  7.6  3.67 13.79 10.14 290 1022.7  13.4  13.7 999.0 99.0 99.00
2014 03 07 05 50 342  7.6  9.5  3.89 13.79 10.07 293 1022.8  13.1  13.6 999.0 99.0 99.00
2014 03 07 06 50 344  7.9  9.7  4.07 12.90  9.96 296 1022.7  13.1  13.6 999.0 99.0 99.00
2014 03 07 07 50 346  7.8  9.8  3.70 13.79  9.52 300 1022.2  12.0  13.5 999.0 99.0 99.00
2014 03 07 08 50 323  7.7  9.2  4.15 13.79  9.75 295 1022.0  12.2  13.5 999.0 99.0 99.00
2014 03 07 09 50 339  6.9 99.0 99.00 99.00 99.00 999 9999.0  12.8 999.0 999.0 99.0 99.00
2014 03 07 10 50 347  7.4  8.6  4.04 13.79 10.06 296 1021.5  12.8  13.4 999.0 99.0 99.00
2014 03 07 11 50 348  7.2  8.6  4.02 13.79  9.97 295 1021.3  12.7  13.4 999.0 99.0 99.00
2014 03 07 12 50 335  5.7  6.9  4.22 13.79  9.91 298 1021.5  12.6  13.3 999.0 99.0 99.00
2014 03 07 13 50 331  6.2  7.6  3.72 13.79  9.77 283 1021.5  12.8  13.2 999.0 99.0 99.00
2014 03 07 14 50 332  6.5  8.0  3.40 13.79  9.35 286 1021.3  12.8  13.2 999.0 99.0 99.00
2014 03 07 15 50 343  8.1  9.6  3.45 13.79  9.68 289 1021.2  12.8  13.2 999.0 99.0 99.00
2014 03 07 16 50 332  8.2  9.9  3.20 12.90  8.92 277 1021.8  12.7  13.2 999.0 99.0 99.00
2014 03 07 17 50 326  8.2  9.9  3.43 13.79  8.93 280 1022.3  12.7  13.2 999.0 99.0 99.00
2014 03 07 18 50 331  9.1 10.7  3.39 12.90  8.33 285 1022.1  12.8  13.3 999.0 99.0 99.00
2014 03 07 19 50 331  7.4  9.1  3.06 12.12  7.63 285 1022.1  12.8  13.3 999.0 99.0 99.00
2014 03 07 20 50 325  9.2 11.3  3.44 13.79  8.39 289 1021.4  12.8  13.3 999.0 99.0 99.00
2014 03 07 21 50 331  8.0  9.6  3.04 13.79  7.69 290 1020.7  12.8  13.3 999.0 99.0 99.00
2014 03 07 22 50 315 10.1 12.7  3.09 12.90  7.72 284 1020.4  12.9  13.3 999.0 99.0 99.00
2014 03 07 23 50 320  9.5 11.7 99.00 99.00 99.00 999 1020.0  13.0  13.4 999.0 99.0 99.00
2014 03 08 00 50 323  9.2 11.2  2.94 12.12  7.23 280 1019.6  13.0  13.4 999.0 99.0 99.00
2014 03 08 01 50 327  9.8 11.9  3.02 10.81  7.47 287 1019.7  12.8  13.4 999.0 99.0 99.00
2014 03 08 02 50 326  9.8 12.9  3.19 12.90  7.81 278 1020.0  12.8  13.4 999.0 99.0 99.00
2014 03 08 03 50 328  9.8 11.5  2.84 12.90  7.28 289 1020.7  12.8  13.3 999.0 99.0 99.00
2014 03 08 04 50 332  8.8 10.8  2.79 12.12  7.37 295 1021.0  12.8  13.2 999.0 99.0 99.00
2014 03 08 05 50 339  8.1  9.5  2.82 12.12  7.49 292 1020.8  12.8  13.1 999.0 99.0 99.00
2014 03 08 06 50 332  8.1  9.5  2.76 12.12  7.51 287 1021.2  12.8  13.1 999.0 99.0 99.00
2014 03 08 07 50 337  7.6  9.6  2.77 11.43  7.72 286 1020.7  12.7  13.1 999.0 99.0 99.00
2014 03 08 08 50 344  7.1  8.2  2.59 12.90  7.28 283 1020.8  12.6  13.0 999.0 99.0 99.00
2014 03 08 09 50 341  5.6  6.4  2.70 12.12  7.79 281 1020.3  12.6  13.0 999.0 99.0 99.00
2014 03 08 10 50 344  4.1  4.8  2.38 12.12  7.88 278 1020.0  12.5  12.9 999.0 99.0 99.00
2014 03 08 11 50 324  5.2  6.2 99.00 99.00 99.00 999 1020.4  12.5  12.9 999.0 99.0 99.00
2014 03 08 12 50 333  6.2  7.5  2.32 11.43  7.95 277 1021.0  12.6  12.9 999.0 99.0 99.00
2014 03 08 13 50 351  5.3  6.4  2.48 11.43  8.17 278 1020.6  12.6  12.8 999.0 99.0 99.00
2014 03 08 14 50 344  4.0  4.6  2.18 10.81  7.58 272 1020.7  12.3  12.8 999.0 99.0 99.00
2014 03 08 15 50   8  4.6  5.3  2.15 11.43  7.86 271 1021.5  12.4  12.8 999.0 99.0 99.00
2014 03 08 16 50  19  4.5  5.5  2.14 12.90  7.70 269 1021.9  12.3  12.9 999.0 99.0 99.00
2014 03 08 17 50 360  3.1  3.8 99.00 99.00 99.00 999 1022.3  12.2  13.0 999.0 99.0 99.00
2014 03 08 18 50  27  2.6  3.3  2.17 10.81  7.85 280 1022.0  12.3  13.1 999.0 99.0 99.00
2014 03 08 19 50 320  5.0  6.0  1.91 12.12  7.45 279 1022.1  12.5  13.3 999.0 99.0 99.00
2014 03 08 20 50 322  6.1  7.1  2.15 11.43  8.06 282 1021.5  12.6  13.4 999.0 99.0 99.00
2014 03 08 21 50 328  6.5  7.7  1.82 10.81  7.14 283 1020.8  13.0  13.4 999.0 99.0 99.00
2014 03 08 22 50 319  7.8  9.0 99.00 99.00 99.00 999 1020.5  13.1  13.4 999.0 99.0 99.00
2014 03 08 23 50 329  6.9  7.9  1.67 10.81  6.25 276 1020.3  13.1  13.5 999.0 99.0 99.00
2014 03 09 00 50 321  6.5  7.7  1.71 10.81  6.73 288 1020.7  13.2  13.5 999.0 99.0 99.00
2014 03 09 01 50 327  5.1  5.9  1.71 11.43  7.08 291 1021.0  13.2  13.4 999.0 99.0 99.00
2014 03 09 02 50 330  4.1  5.6  1.74 11.43  7.39 281 1021.2  13.2  13.4 999.0 99.0 99.00
2014 03 09 03 50 316  4.9  6.1 99.00 99.00 99.00 999 1021.8  13.3  13.3 999.0 99.0 99.00
2014 03 09 04 50 317  5.9  6.9  1.62 10.81  7.26 281 1022.2  13.3  13.3 999.0 99.0 99.00
2014 03 09 05 50 325  5.6  6.6 99.00 99.00 99.00 999 1022.9  13.5  13.3 999.0 99.0 99.00
2014 03 09 06 50 326  5.4  6.5  1.59 10.81  6.87 277 1022.8  13.6  13.3 999.0 99.0 99.00
2014 03 09 07 50 323  4.9  5.6  1.55 10.00  7.18 278 1022.2  13.5  13.2 999.0 99.0 99.00
2014 03 09 08 50 341  3.8  4.9 99.00 99.00 99.00 999 1021.9  13.3  13.2 999.0 99.0 99.00
2014 03 09 09 50 315  6.1  7.2  1.53 11.43  7.27 282 1021.9  13.3  13.1 999.0 99.0 99.00
2014 03 09 10 50 344  6.7  8.2  1.66 11.43  7.39 283 1021.5  13.6  13.1 999.0 99.0 99.00
2014 03 09 11 50  12  5.2  6.5  1.71 12.12  7.62 280 1020.6  13.5  13.1 999.0 99.0 99.00
2014 03 09 12 50 328  2.9  3.6  1.66 12.12  7.55 285 1020.7  13.3  13.1 999.0 99.0 99.00
2014 03 09 13 50  61  1.3  1.9  1.60 11.43  7.69 292 1020.3  13.3  13.1 999.0 99.0 99.00
2014 03 09 14 50 344  1.8  2.4  1.54 10.81  7.79 286 1020.6  13.4  13.1 999.0 99.0 99.00
2014 03 09 15 50  41  3.0  3.8  1.83 12.12  8.80 282 1020.8  14.0  13.1 999.0 99.0 99.00
2014 03 09 16 50  60  2.4  3.5  1.80 10.00  8.90 284 1021.3  15.9  13.1 999.0 99.0 99.00
2014 03 09 17 50 342  1.0  1.8  1.98 12.12  9.29 291 1021.4  14.9  13.2 999.0 99.0 99.00
2014 03 09 18 50 323  1.7  3.8  2.04 11.43  9.34 293 1021.4  14.6  13.4 999.0 99.0 99.00
2014 03 09 19 50 293  2.3  3.5  1.98 12.12  9.34 292 1021.3  13.9  13.7 999.0 99.0 99.00
2014 03 09 20 50 309  2.5  3.3  2.34 11.43  9.63 292 1020.9  13.9  13.8 999.0 99.0 99.00
2014 03 09 21 50 332  2.2  2.9  2.44 10.81  9.55 288 1020.0  14.0  14.0 999.0 99.0 99.00
2014 03 09 22 50 343  2.0  2.7  2.73 11.43  9.95 288 1019.6  14.1  14.1 999.0 99.0 99.00
2014 03 09 23 50 309  2.5  3.4  2.53 12.12 10.38 292 1019.7  14.3  14.4 999.0 99.0 99.00
2014 03 10 00 50 293  1.0  2.5  3.03 16.00 10.99 295 1019.5  14.7  14.3 999.0 99.0 99.00
2014 03 10 01 50 294  3.7  5.3  3.14 14.81 11.36 294 1019.7  14.0  14.3 999.0 99.0 99.00
2014 03 10 02 50 304  2.8  4.2  2.75 14.81 10.68 298 1020.0  13.8  14.2 999.0 99.0 99.00
2014 03 10 03 50 287  3.3  5.1 99.00 99.00 99.00 999 1020.5  13.8  14.2 999.0 99.0 99.00
2014 03 10 04 50 290  3.2  4.6  3.25 14.81 11.69 293 1020.6  13.7  14.1 999.0 99.0 99.00
2014 03 10 05 50 296  3.7  4.8  3.20 14.81 11.33 294 1021.0  13.8  13.9 999.0 99.0 99.00
2014 03 10 06 50 281  3.2  4.8  3.18 13.79 10.88 291 1020.9  13.7  13.9 999.0 99.0 99.00
2014 03 10 07 50 288  1.8  3.3  3.08 13.79 10.64 290 1020.7  13.6  13.8 999.0 99.0 99.00
2014 03 10 08 50 272  1.3  2.4  2.95 13.79 10.31 297 1020.6  13.5  13.7 999.0 99.0 99.00
2014 03 10 09 50 252  1.3  2.2  2.77 12.90 10.34 290 1020.3  13.5  13.7 999.0 99.0 99.00
2014 03 10 10 50 279  3.1  4.1  3.34 13.79 10.81 289 1020.4  13.6  13.6 999.0 99.0 99.00
2014 03 10 11 50 301  4.2  5.4 99.00 99.00 99.00 999 1020.3  13.6  13.6 999.0 99.0 99.00
2014 03 10 12 50 357  9.3 10.8  2.84 12.90  8.90 296 1020.4  13.2  13.4 999.0 99.0 99.00
2014 03 10 13 50 338  7.1  8.9  2.82 12.90  8.38 296 1021.2  13.6  13.4 999.0 99.0 99.00
2014 03 10 14 50 333  9.3 11.4  2.64 13.79  8.15 297 1021.6  13.4  13.3 999.0 99.0 99.00
2014 03 10 15 50 332  9.6 11.5  2.70 12.90  7.77 291 1022.5  13.2  13.3 999.0 99.0 99.00
2014 03 10 16 50 339  9.9 12.3  2.97 13.79  7.68 302 1023.4  13.1  13.3 999.0 99.0 99.00
2014 03 10 17 50 341 10.7 12.6  2.93 13.79  7.43 287 1023.8  13.0  13.3 999.0 99.0 99.00
2014 03 10 18 50 335 11.3 13.1  2.77 12.90  6.87 296 1023.7  13.0  13.3 999.0 99.0 99.00
2014 03 10 19 50 334 10.5 12.7  2.89 11.43  6.78 299 1023.5  13.1  13.3 999.0 99.0 99.00
2014 03 10 20 50 330 10.8 12.8  2.79 13.79  6.76 285 1022.6  13.1  13.3 999.0 99.0 99.00
2014 03 10 21 50 328 11.5 13.2 99.00 99.00 99.00 999 1021.7  13.1  13.3 999.0 99.0 99.00
2014 03 10 22 50 329 11.4 13.2  2.95 14.81  6.82 293 1021.5  13.2  13.3 999.0 99.0 99.00
2014 03 10 23 50 332 11.0 13.1  3.00 13.79  6.72 296 1021.4  13.2  13.3 999.0 99.0 99.00
2014 03 11 00 50 332 10.8 13.7  3.01 16.00  6.98 308 1021.2  13.2  13.3 999.0 99.0 99.00
2014 03 11 01 50 336 12.3 15.7  3.03 12.90  6.70 301 1021.0  13.1  13.3 999.0 99.0 99.00
2014 03 11 02 50 336 10.8 12.8  2.74 13.79  6.39 276 1021.3  13.1  13.2 999.0 99.0 99.00
2014 03 11 03 50 340  9.7 11.4  3.12 16.00  6.84 302 1021.6  13.2  13.2 999.0 99.0 99.00
2014 03 11 04 50 342  9.6 11.3  3.00 14.81  6.90 300 1021.8  13.2  13.1 999.0 99.0 99.00
2014 03 11 05 50 342  9.4 11.3 99.00 99.00 99.00 999 1021.7  13.2  13.1 999.0 99.0 99.00
2014 03 11 06 50 339  9.9 11.6  3.30 16.00  7.19 302 1021.6  13.2  13.0 999.0 99.0 99.00
2014 03 11 07 50 334  9.5 11.5  3.26  9.09  7.11 306 1021.4  13.1  13.0 999.0 99.0 99.00
2014 03 11 08 50 333  8.6 10.4  3.34  8.33  7.35 305 1021.1  13.1  13.0 999.0 99.0 99.00
2014 03 11 10 50 338  8.2  9.9  3.32  8.33  7.25 302 1020.0  13.4  12.9 999.0 99.0 99.00
2014 03 11 11 50 348  8.2 10.0  3.19 13.79  7.53 290 1019.4  14.0  12.9 999.0 99.0 99.00
2014 03 11 12 50 353  7.0  8.2  3.03 13.79  7.37 295 1019.2  13.6  12.8 999.0 99.0 99.00
2014 03 11 13 50 352  6.8  8.2  3.07 11.43  7.48 285 1019.1  13.7  12.8 999.0 99.0 99.00
2014 03 11 14 50 352  5.3  7.4  2.85 13.79  7.58 284 1019.4  13.6  12.8 999.0 99.0 99.00
2014 03 11 15 50 353  5.1  6.4  2.87 13.79  7.66 292 1019.5  13.5  12.7 999.0 99.0 99.00
2014 03 11 16 50 356  5.2  6.1  2.78 13.79  7.68 293 1019.6  13.5  12.8 999.0 99.0 99.00
2014 03 11 17 50 359  5.7  6.8  2.63 12.90  7.35 289 1019.7  13.4  12.9 999.0 99.0 99.00
2014 03 11 18 50 354  5.6  6.9  2.54 12.90  7.12 295 1019.5  13.5  13.0 999.0 99.0 99.00
2014 03 11 19 50 352  5.2  7.2  2.40  8.33  7.05 309 1018.9  13.7  13.1 999.0 99.0 99.00
2014 03 11 20 50 335  6.2  8.0  2.58  9.09  7.59 306 1018.0  13.7  13.2 999.0 99.0 99.00
2014 03 11 21 50 328  6.1  7.4  2.51 13.79  7.27 291 1017.3  13.6  13.2 999.0 99.0 99.00
2014 03 11 22 50 322  6.3  7.4 99.00 99.00 99.00 999 1016.7  13.9  13.3 999.0 99.0 99.00
2014 03 11 23 50 325  5.6  7.1 99.00 99.00 99.00 999 1016.3  14.1  13.4 999.0 99.0 99.00
2014 03 12 00 50 334  7.0  8.3  2.38 12.90  7.38 299 1016.0  14.0  13.4 999.0 99.0 99.00
2014 03 12 01 50 341  8.3  9.7  2.34 12.90  7.03 290 1015.8  13.8  13.4 999.0 99.0 99.00
2014 03 12 02 50 345  9.4 10.9  2.21 12.90  6.59 270 1015.9  13.6  13.3 999.0 99.0 99.00
2014 03 12 03 50 341  8.2 10.1  2.30 12.12  6.63 300 1016.0  13.4  13.2 999.0 99.0 99.00
2014 03 12 04 50 335  7.8  9.5  2.38 12.90  6.82 291 1016.1  13.8  13.2 999.0 99.0 99.00
2014 03 12 05 50 330  6.2  7.3 99.00 99.00 99.00 999 1016.3  13.9  13.1 999.0 99.0 99.00
2014 03 12 06 50 332  4.7  5.5  2.19 12.90  7.25 278 1016.1  13.8  13.0 999.0 99.0 99.00
2014 03 12 07 50 356  4.7  5.5  2.29 12.90  7.45 289 1015.8  13.9  13.0 999.0 99.0 99.00
2014 03 12 08 50  45  2.4  3.0  2.32 11.43  7.36 297 1015.9  13.4  13.0 999.0 99.0 99.00
2014 03 12 09 50  58  2.1  3.9  2.10 10.81  7.29 294 1015.5  13.6  12.9 999.0 99.0 99.00
2014 03 12 10 50 360  3.1  4.3  1.96 12.90  7.30 286 1015.2  14.1  12.9 999.0 99.0 99.00
2014 03 12 11 50  77  3.4  4.3  1.92 12.12  7.28 295 1014.9  14.1  12.9 999.0 99.0 99.00
2014 03 12 12 50  43  3.7  4.9  1.95  9.09  7.19 307 1015.3  13.9  12.8 999.0 99.0 99.00
2014 03 12 13 50  51  4.1  5.5  1.96  9.09  6.88 312 1015.6  13.9  12.8 999.0 99.0 99.00
2014 03 12 14 50  55  5.1  6.4  1.79  9.09  6.50 303 1016.0  13.9  12.8 999.0 99.0 99.00
2014 03 12 15 50  70  4.4  6.8  1.68 12.12  6.98 301 1016.7  13.8  12.8 999.0 99.0 99.00
2014 03 12 16 50  69  7.7  9.6  1.79 11.43  6.61 291 1016.7  13.9  12.9 999.0 99.0 99.00
2014 03 12 17 50  63  8.3  9.6  2.02 12.12  6.20 286 1017.1  14.5  13.0 999.0 99.0 99.00
2014 03 12 18 50  51  6.1  7.6  1.75 21.05  6.03 325 1017.5  15.2  13.1 999.0 99.0 99.00
2014 03 12 19 50  55  3.5  4.4  2.01 21.05  6.94 303 1017.5  15.4  13.2 999.0 99.0 99.00
2014 03 12 20 50   4  0.2  0.8  2.23 19.05  7.53 293 1017.2  16.3  13.4 999.0 99.0 99.00
2014 03 12 21 50 333  4.4  5.4  2.06 19.05  7.54 299 1016.9  14.9  13.7 999.0 99.0 99.00
2014 03 12 22 50 329  3.3  4.7  2.15 19.05  8.33 292 1016.3  15.4  13.9 999.0 99.0 99.00
2014 03 12 23 50 332  5.5  6.6  2.24 19.05  9.14 296 1015.7  15.8  13.9 999.0 99.0 99.00
2014 03 13 00 50 334  5.5  6.6  2.38 19.05  9.20 290 1015.4  15.8  13.9 999.0 99.0 99.00
2014 03 13 01 50 337  5.5  6.6  2.46 19.05  9.63 291 1015.3  16.1  13.8 999.0 99.0 99.00
2014 03 13 02 50 344  4.4  5.6  2.35 19.05  9.35 294 1015.5  15.2  13.7 999.0 99.0 99.00
2014 03 13 03 50 334  7.0  8.5  2.59 17.39 10.22 294 1016.2  14.9  13.6 999.0 99.0 99.00
2014 03 13 04 50 346  8.2 10.0  2.24 17.39  8.42 293 1016.8  15.2  13.5 999.0 99.0 99.00
2014 03 13 05 50 341  5.1  5.9  2.65 17.39  9.18 301 1017.2  14.7  13.4 999.0 99.0 99.00
2014 03 13 06 50 357  4.4  5.4  3.25 17.39 11.19 303 1017.0  15.9  13.3 999.0 99.0 99.00
2014 03 13 07 50 328  3.4  4.3  2.43 17.39 10.35 293 1016.9  14.7  13.2 999.0 99.0 99.00
2014 03 13 08 50 327  4.6  6.3  2.37 17.39 10.24 293 1016.7  13.9  13.1 999.0 99.0 99.00
2014 03 13 09 50   8  4.0  4.9  2.61 16.00 10.65 299 1016.3  13.7  13.1 999.0 99.0 99.00
2014 03 13 10 50 359  3.5  4.4  2.81 16.00 10.08 299 1015.8  13.4  13.1 999.0 99.0 99.00
2014 03 13 11 50 330  4.3  5.9  2.64 16.00 10.13 303 1015.7  13.2  13.0 999.0 99.0 99.00
2014 03 13 12 50 338  5.5  7.3  2.71 16.00 10.51 300 1016.2  13.3  13.0 999.0 99.0 99.00
2014 03 13 13 50 360  4.4  5.2  2.55 16.00  9.43 298 1016.4  13.3  13.0 999.0 99.0 99.00
2014 03 13 14 50 326  3.7  5.0  2.51 14.81  9.62 298 1016.6  13.1  13.0 999.0 99.0 99.00
2014 03 13 15 50 324  4.9  5.8 99.00 99.00 99.00 999 1017.2  13.1  12.9 999.0 99.0 99.00
2014 03 13 16 50 326  5.7  7.2  2.39 14.81  9.18 292 1017.6  13.1  13.0 999.0 99.0 99.00
2014 03 13 17 50 329  5.6  7.1  2.42 16.00  9.07 302 1017.9  13.2  13.1 999.0 99.0 99.00
2014 03 13 18 50 327  4.7  5.8  2.78 16.00  9.69 290 1017.6  13.4  13.2 999.0 99.0 99.00
2014 03 13 19 50 320  6.7  8.0  2.66 14.81  9.21 298 1017.3  13.4  13.3 999.0 99.0 99.00
2014 03 13 20 50 321  8.0  9.6  2.59 14.81  8.23 290 1016.8  13.2  13.3 999.0 99.0 99.00
2014 03 13 21 50 321  8.7 10.6 99.00 99.00 99.00 999 1016.5  13.1  13.4 999.0 99.0 99.00
2014 03 13 22 50 312  8.8 11.5  2.48 13.79  7.29 294 1016.4  13.2  13.4 999.0 99.0 99.00
2014 03 13 23 50 320  9.6 11.4 99.00 99.00 99.00 999 1016.2  12.9  13.4 999.0 99.0 99.00
2014 03 14 00 50 320 10.1 12.5  2.59 14.81  7.06 300 1016.3  12.8  13.4 999.0 99.0 99.00
2014 03 14 01 50 326  9.4 11.7  2.57 13.79  7.21 304 1016.5  12.7  13.4 999.0 99.0 99.00
2014 03 14 02 50 320  7.6  8.9 99.00 99.00 99.00 999 1016.7  12.5  13.3 999.0 99.0 99.00
2014 03 14 03 50 314  7.6  9.4  2.37 14.81  7.17 302 1017.5  12.4  13.2 999.0 99.0 99.00
2014 03 14 04 50 312  8.9 11.0  2.44 14.81  7.22 301 1018.3  12.2  13.2 999.0 99.0 99.00
2014 03 14 05 50 330  7.5  9.3 99.00 99.00 99.00 999 1019.0  11.9  13.1 999.0 99.0 99.00
2014 03 14 06 50 318  6.9  8.5  2.12 13.79  7.07 309 1019.2  11.9  13.1 999.0 99.0 99.00
2014 03 14 07 50 326  7.7  9.2  2.31 14.81  7.44 294 1019.3  11.9  13.0 999.0 99.0 99.00
2014 03 14 08 50 324  7.1  9.0 99.00 99.00 99.00 999 1019.8  11.9  12.9 999.0 99.0 99.00
2014 03 14 09 50 324  8.0  9.8 99.00 99.00 99.00 999 1019.6  12.2  12.9 999.0 99.0 99.00
2014 03 14 11 50 332  7.3  8.7 99.00 99.00 99.00 999 1019.4  12.3  12.9 999.0 99.0 99.00
2014 03 14 12 50 325  7.6  9.2  2.75 12.90  7.88 296 1020.0  12.4  12.8 999.0 99.0 99.00
2014 03 14 13 50 336  6.2  7.4  2.60 13.79  7.66 293 1020.3  12.5  12.8 999.0 99.0 99.00
2014 03 14 14 50 329  6.2  7.4  2.31 13.79  7.11 285 1021.1  12.6  12.8 999.0 99.0 99.00
2014 03 14 15 50 323  6.7  8.0 99.00 99.00 99.00 999 1021.8  12.7  12.8 999.0 99.0 99.00
2014 03 14 16 50 330  6.3  8.2  2.01 12.90  6.71 291 1022.4  12.9  12.8 999.0 99.0 99.00
2014 03 14 17 50 336  5.7  7.1  2.15 13.79  6.94 290 1022.6  13.0  12.9 999.0 99.0 99.00
2014 03 14 18 50 330  6.9  8.0  2.28 13.79  7.08 290 1022.9  13.0  12.9 999.0 99.0 99.00
2014 03 14 19 50 327  8.1  9.6  2.45 13.79  6.97 295 1023.0  12.8  13.0 999.0 99.0 99.00
2014 03 14 20 50 328  9.0 10.4  2.38 12.90  6.84 296 1022.8  12.8  13.1 999.0 99.0 99.00
2014 03 14 21 50 322 10.1 12.2  2.30 13.79  6.42 297 1022.2  12.9  13.1 999.0 99.0 99.00
2014 03 14 22 50 321 10.1 12.0  2.46 12.12  6.25 290 1021.9  13.0  13.1 999.0 99.0 99.00
2014 03 14 23 50 318  9.6 11.3  2.23 13.79  6.16 307 1021.8  13.1  13.2 999.0 99.0 99.00
2014 03 15 00 50 320 10.9 13.3  2.36 12.90  6.22 298 1021.5  13.2  13.2 999.0 99.0 99.00
2014 03 15 01 50 327 10.3 12.2  2.34 12.90  6.06 306 1021.7  13.2  13.2 999.0 99.0 99.00
2014 03 15 02 50 326  9.6 99.0 99.00 99.00 99.00 999 9999.0  13.2 999.0 999.0 99.0 99.00
2014 03 15 03 50 327  9.6 11.6  2.28 12.90  6.09 301 1022.8  13.2  13.2 999.0 99.0 99.00
2014 03 15 04 50 323  8.5 10.6  2.06 12.90  6.00 294 1023.5  13.2  13.1 999.0 99.0 99.00
2014 03 15 05 50 324  7.8  9.2  2.27 11.43  6.29 303 1023.7  13.1  13.1 999.0 99.0 99.00
2014 03 15 06 50 320  6.2  7.5  2.01 12.90  6.31 288 1024.0  13.1  13.1 999.0 99.0 99.00
2014 03 15 07 50 326  6.5  8.4  2.00 12.12  6.50 298 1023.9  13.1  13.1 999.0 99.0 99.00
2014 03 15 08 50 324  8.0  9.4 99.00 99.00 99.00 999 1023.8  13.0  13.0 999.0 99.0 99.00
2014 03 15 09 50 327  7.0  9.0  1.99 11.43  6.49 291 1024.1  13.0  13.0 999.0 99.0 99.00
2014 03 15 10 50 337  6.6  7.9  2.09 11.43  6.52 304 1023.7  12.9  13.0 999.0 99.0 99.00
2014 03 15 11 50 338  6.7  8.0  1.99 12.12  6.16 296 1023.9  12.8  13.0 999.0 99.0 99.00
2014 03 15 12 50 338  7.3  8.7  2.07 12.90  6.30 293 1024.3  12.8  13.0 999.0 99.0 99.00
2014 03 15 13 50 352  6.0  7.0  1.99 12.90  6.30 270 1024.5  12.7  13.0 999.0 99.0 99.00
2014 03 15 14 50 353  5.5  6.2  1.86 11.43  6.39 303 1025.0  12.7  12.9 999.0 99.0 99.00
2014 03 15 15 50 343  5.6  6.8  1.74 12.90  6.19 284 1025.6  12.6  13.0 999.0 99.0 99.00
2014 03 15 16 50 348  4.9  6.2  1.76 12.12  6.37 289 1026.0  12.4  13.0 999.0 99.0 99.00
2014 03 15 17 50 336  5.2  6.3  1.79 14.81  6.80 300 1026.2  12.5  13.0 999.0 99.0 99.00
2014 03 15 18 50 328  6.3  7.8  1.90 12.12  6.80 296 1026.5  12.0  13.1 999.0 99.0 99.00
2014 03 15 19 50 335  6.0  7.4  2.06 12.90  7.11 292 1026.4  11.5  13.2 999.0 99.0 99.00
2014 03 15 20 50 328  5.4  7.1  2.10 13.79  6.97 300 1026.1  11.6  13.3 999.0 99.0 99.00
2014 03 15 21 50 328  5.7  6.9 99.00 99.00 99.00 999 1025.3  11.7  13.3 999.0 99.0 99.00
2014 03 15 22 50 329  6.9  8.5  2.38 12.90  7.54 295 1025.2  11.8  13.4 999.0 99.0 99.00
2014 03 15 23 50 320  7.4  8.6 99.00 99.00 99.00 999 1024.9  11.8  13.4 999.0 99.0 99.00
2014 03 16 00 50 325 10.1 12.1  2.38 12.12  6.67 313 1024.5  11.8  13.4 999.0 99.0 99.00
2014 03 16 01 50 327 10.4 12.5  2.40 17.39  6.61 312 1024.9  11.6  13.4 999.0 99.0 99.00
2014 03 16 02 50 327 11.0 13.3  2.74 17.39  6.78 313 1024.6  11.5  13.3 999.0 99.0 99.00
2014 03 16 03 50 334  9.0 11.3  3.19 17.39  7.88 295 1025.2  12.0  13.2 999.0 99.0 99.00
2014 03 16 04 50 335  9.2 10.8  2.80 17.39  7.49 305 1025.5  12.9  13.2 999.0 99.0 99.00
2014 03 16 05 50 338  8.4 10.2  2.72 17.39  7.65 312 1026.2  12.9  13.1 999.0 99.0 99.00
2014 03 16 06 50 330  8.9 10.3  2.48 12.12  7.44 298 1026.1  12.3  13.1 999.0 99.0 99.00
2014 03 16 07 50 328  8.7 10.6 99.00 99.00 99.00 999 1026.1  11.5  13.1 999.0 99.0 99.00
2014 03 16 08 50 323  7.2  8.5  2.91 14.81  8.13 299 1026.1  12.2  13.0 999.0 99.0 99.00
2014 03 16 09 50 328  7.1  8.5  2.77 16.00  8.42 300 1026.3  12.7  13.0 999.0 99.0 99.00
2014 03 16 10 50 327  7.2  8.6  2.60 17.39  8.02 281 1025.8  12.7  13.0 999.0 99.0 99.00
2014 03 16 11 50 339  6.5  8.2  2.77 16.00  8.43 292 1025.7  12.7  13.0 999.0 99.0 99.00
2014 03 16 12 50 343  6.8  8.1  2.75 16.00  8.53 297 1025.5  12.7  12.9 999.0 99.0 99.00
2014 03 16 13 50 346  6.8  8.2 99.00 99.00 99.00 999 1025.6  12.7  12.9 999.0 99.0 99.00
2014 03 16 14 50 345  6.5  8.0  2.65 16.00  7.89 296 1025.9  12.5  12.9 999.0 99.0 99.00
2014 03 16 15 50 339  6.7  8.1 99.00 99.00 99.00 999 1026.5  11.4  12.9 999.0 99.0 99.00
2014 03 16 16 50 340  6.8  8.2  2.56 14.81  8.05 299 1026.8  11.0  12.9 999.0 99.0 99.00
2014 03 16 17 50 340  7.3  8.9 99.00 99.00 99.00 999 1026.8  10.9  12.9 999.0 99.0 99.00
2014 03 16 18 50 332  8.3 10.3  2.66 16.00  8.00 290 1026.5  11.3  13.0 999.0 99.0 99.00
2014 03 16 19 50 324  8.4 10.8  3.00 14.81  9.10 302 1026.2  11.3  13.0 999.0 99.0 99.00
2014 03 16 20 50 331  8.0  9.8  3.20 19.05  8.65 302 1025.7  11.2  13.1 999.0 99.0 99.00
2014 03 16 21 50 325  8.6 10.4  3.98 19.05 10.74 295 1024.8  11.3  13.1 999.0 99.0 99.00
2014 03 16 22 50 321  9.2 11.1 99.00 99.00 99.00 999 1024.1  11.4  13.2 999.0 99.0 99.00
2014 03 16 23 50 321 10.5 13.2  3.48 17.39  8.70 302 1023.7  11.4  13.2 999.0 99.0 99.00
2014 03 17 00 50 322 12.0 14.1 99.00 99.00 99.00 999 1023.4  11.0  13.2 999.0 99.0 99.00
2014 03 17 01 50 327 12.2 14.4  3.35 17.39  8.03 298 1023.3  11.6  13.2 999.0 99.0 99.00
2014 03 17 02 50 332 10.9 13.3  4.00 17.39  9.29 301 1023.0  12.2  13.1 999.0 99.0 99.00
2014 03 17 03 50 335 11.1 13.6  4.51 17.39  9.74 302 1023.3  12.3  13.1 999.0 99.0 99.00
2014 03 17 04 50 336 10.0 12.4  4.53 17.39  9.56 304 1023.7  12.2  13.0 999.0 99.0 99.00
2014 03 17 05 50 337  9.1 11.3  4.25 16.00  9.76 307 1023.9  12.2  13.0 999.0 99.0 99.00
2014 03 17 06 50 331 11.2 13.7  4.45 16.00  9.94 305 1024.2  12.3  13.0 999.0 99.0 99.00
2014 03 17 07 50 334 12.0 14.6  4.77 14.81  9.82 299 1024.2  12.6  12.9 999.0 99.0 99.00
2014 03 17 08 50 334 11.3 14.4  4.59 16.00  9.25 292 1024.0  12.6  12.9 999.0 99.0 99.00
2014 03 17 09 50 329  8.2  9.8  3.98 13.79  8.58 295 1023.8  12.6  12.9 999.0 99.0 99.00
2014 03 17 10 50 331  9.7 12.2  4.27 16.00  9.16 287 1023.4  12.5  12.8 999.0 99.0 99.00
2014 03 17 11 50 333  9.5 12.8  4.22 14.81  9.05 293 1022.9  12.5  12.8 999.0 99.0 99.00
2014 03 17 12 50 342  6.3  8.3  3.99 14.81  9.09 293 1022.6  12.7  12.8 999.0 99.0 99.00
2014 03 17 13 50 353  4.8  6.0 99.00 99.00 99.00 999 1022.2  12.6  12.8 999.0 99.0 99.00
2014 03 17 14 50 353  4.0  5.9  3.77 14.81 10.10 293 1022.1  12.0  12.8 999.0 99.0 99.00
2014 03 17 15 50 331 10.3 12.5  3.17 14.81  8.71 290 1022.1  11.7  12.8 999.0 99.0 99.00
2014 03 17 16 50 328 10.6 12.9  3.50 16.00  8.46 291 1021.7  11.9  12.8 999.0 99.0 99.00
2014 03 17 17 50 336 10.9 13.3  3.73 13.79  8.64 304 1021.5  12.3  12.8 999.0 99.0 99.00
2014 03 17 18 50 335 11.2 13.4  3.31 12.90  7.31 302 1021.0  12.0  12.9 999.0 99.0 99.00
2014 03 17 19 50 337 10.9 12.7  4.22 14.81  7.95 293 1020.2  11.8  12.9 999.0 99.0 99.00
2014 03 17 20 50 325  9.7 11.4  3.78 14.81  7.44 293 1019.1  11.9  13.0 999.0 99.0 99.00
2014 03 17 21 50 324 10.0 11.8  4.07 12.90  8.00 302 1017.8  12.3  13.0 999.0 99.0 99.00
2014 03 17 22 50 328 11.0 13.4  3.98 13.79  7.81 300 1017.2  12.5  13.1 999.0 99.0 99.00
2014 03 17 23 50 324 11.3 14.0  3.88  9.09  7.41 311 1016.6  12.7  13.1 999.0 99.0 99.00
2014 03 18 00 50 327 11.1 13.4  4.03 12.90  7.74 297 1016.0  12.7  13.1 999.0 99.0 99.00
2014 03 18 01 50 332 12.3 14.1  3.88 10.00  7.38 315 1015.7  12.4  13.1 999.0 99.0 99.00
2014 03 18 02 50 331 11.7 13.6  3.80 10.00  7.27 307 1015.8  12.3  13.1 999.0 99.0 99.00
2014 03 18 03 50 333 11.6 13.9  4.07 10.81  7.69 318 1015.9  12.2  13.1 999.0 99.0 99.00
2014 03 18 04 50 334 11.2 13.9  4.16 10.00  7.87 311 1016.2  12.1  13.0 999.0 99.0 99.00
2014 03 18 05 50 329 10.5 12.5  4.22 10.81  7.93 311 1016.2  12.1  13.0 999.0 99.0 99.00
2014 03 18 06 50 331  9.6 11.6  4.20 12.12  7.82 298 1015.8  12.2  13.0 999.0 99.0 99.00
2014 03 18 07 50 330  9.8 12.0 99.00 99.00 99.00 999 1015.5  12.1  12.9 999.0 99.0 99.00
2014 03 18 08 50 329  8.7 10.7  4.01 11.43  8.26 302 1015.3  12.2  12.9 999.0 99.0 99.00
2014 03 18 09 50 331  8.3 10.2  4.04 10.81  8.14 310 1014.8  12.1  12.9 999.0 99.0 99.00
2014 03 18 10 50 333  8.5 10.4  3.76 12.12  7.89 300 1014.1  12.1  12.9 999.0 99.0 99.00
2014 03 18 11 50 334  7.4  9.2 99.00 99.00 99.00 999 1013.7  12.0  12.9 999.0 99.0 99.00
2014 03 18 12 50 334  7.1  8.9  3.83 12.12  8.18 306 1013.4  12.0  12.8 999.0 99.0 99.00
2014 03 18 13 50 339  8.0  9.6 99.00 99.00 99.00 999 1013.4  12.1  12.8 999.0 99.0 99.00
2014 03 18 14 50 348  6.0  7.6  3.74 12.12  8.25 311 1013.8  12.1  12.8 999.0 99.0 99.00
2014 03 18 15 50   1  5.0  6.3  3.38 12.90  7.98 308 1014.2  12.7  12.8 999.0 99.0 99.00
2014 03 18 16 50  41  2.0  2.8  3.58 12.12  8.19 312 1015.0  12.1  12.9 999.0 99.0 99.00
2014 03 18 17 50 314  0.8  2.4  3.50 12.12  8.37 311 1015.4  12.9  13.0 999.0 99.0 99.00
2014 03 18 18 50 347  1.4  2.8  3.68 12.12  8.81 312 1015.1  13.0  13.2 999.0 99.0 99.00
2014 03 18 19 50 317  3.1  4.5  3.16 12.12  8.45 308 1014.9  12.9  13.5 999.0 99.0 99.00
2014 03 18 20 50 309  4.5  5.7  3.34 12.12  8.50 307 1014.2  13.3  13.7 999.0 99.0 99.00
2014 03 18 21 50 312  7.1  8.8  3.28 12.12  8.46 307 1013.4  13.5  13.7 999.0 99.0 99.00
2014 03 18 22 50 318  7.7  9.1 99.00 99.00 99.00 999 1013.1  13.5  13.7 999.0 99.0 99.00
2014 03 18 23 50 306  7.1  8.6  3.04 12.12  8.18 315 1012.7  13.6  13.6 999.0 99.0 99.00
2014 03 19 00 50 312  7.1  8.9  2.68 11.43  7.75 308 1012.7  13.8  13.6 999.0 99.0 99.00
2014 03 19 01 50 322  8.6 10.2 99.00 99.00 99.00 999 1012.8  13.4  13.6 999.0 99.0 99.00
2014 03 19 02 50 333  9.2 11.5 99.00 99.00 99.00 999 1013.2  13.0  13.4 999.0 99.0 99.00
2014 03 19 03 50 340  8.4 10.4 99.00 99.00 99.00 999 1013.9  12.8  13.3 999.0 99.0 99.00
2014 03 19 04 50 338  7.5  9.0  2.68 11.43  6.74 321 1014.0  12.8  13.2 999.0 99.0 99.00
2014 03 19 05 50 324  6.5  8.0 99.00 99.00 99.00 999 1014.5  12.8  13.1 999.0 99.0 99.00
2014 03 19 06 50 320  6.1  7.2  2.88 10.81  7.69 321 1014.9  12.5  13.1 999.0 99.0 99.00
2014 03 19 07 50 319  6.3  7.8  2.65 10.81  7.53 312 1015.2  12.5  13.1 999.0 99.0 99.00
2014 03 19 08 50 329  6.5  7.7  2.65 11.43  7.61 313 1015.4  12.4  13.1 999.0 99.0 99.00
2014 03 19 09 50 336  7.3  8.3  2.40 10.81  7.29 316 1015.5  12.3  13.1 999.0 99.0 99.00
2014 03 19 10 50 341  6.0  7.1 99.00 99.00 99.00 999 1015.3  12.3  13.0 999.0 99.0 99.00
2014 03 19 11 50 342  5.5  6.5  2.65 10.81  7.44 315 1015.3  12.3  13.0 999.0 99.0 99.00
2014 03 19 12 50 342  5.0  6.2  2.79 10.00  7.61 315 1015.7  12.3  13.0 999.0 99.0 99.00
2014 03 19 13 50 342  4.8  5.6  2.43 10.00  7.25 312 1016.2  12.3  13.0 999.0 99.0 99.00
2014 03 19 14 50 347  3.6  4.4  2.47 10.00  7.40 314 1016.8  12.4  12.9 999.0 99.0 99.00
2014 03 19 15 50   9  3.6  4.4  2.36 10.00  7.60 320 1017.5  12.5  13.0 999.0 99.0 99.00
2014 03 19 16 50 345  3.5  4.3  2.22 10.81  7.29 313 1018.1  12.5  13.0 999.0 99.0 99.00
2014 03 19 17 50 337  4.1  5.1  2.34 10.00  7.45 320 1018.5  12.6  13.2 999.0 99.0 99.00
2014 03 19 18 50 340  4.1  5.2  2.18 10.00  7.45 315 1018.7  12.7  13.3 999.0 99.0 99.00
2014 03 19 19 50 334  2.4  3.1  2.08  9.09  7.42 311 1018.4  12.9  13.4 999.0 99.0 99.00
2014 03 19 20 50 304  2.4  3.5  2.10 10.00  7.24 314 1018.0  13.2  13.6 999.0 99.0 99.00
2014 03 19 21 50 305  5.5  6.7  2.09 10.00  7.24 315 1017.9  13.4  13.7 999.0 99.0 99.00
2014 03 19 22 50 326  5.1  6.0 99.00 99.00 99.00 999 1017.7  13.3  13.7 999.0 99.0 99.00
2014 03 19 23 50 323  5.1  6.4  2.30 10.00  7.01 316 1017.7  13.5  13.8 999.0 99.0 99.00
2014 03 20 00 50 327  6.4  7.6 99.00 99.00 99.00 999 1017.7  13.2  13.7 999.0 99.0 99.00
2014 03 20 01 50 337  6.7  7.9  2.10 10.00  6.71 322 1017.6  12.9  13.6 999.0 99.0 99.00
2014 03 20 02 50 328  5.8  7.1  2.08 10.00  6.50 315 1017.7  12.8  13.5 999.0 99.0 99.00
2014 03 20 03 50 332  6.0  7.3  2.11  9.09  6.73 319 1017.9  12.8  13.4 999.0 99.0 99.00
2014 03 20 04 50 321  5.4  6.9  2.52  9.09  7.56 319 1018.2  12.8  13.3 999.0 99.0 99.00
2014 03 20 05 50 313  5.7  7.0  2.49 10.00  7.57 319 1018.2  12.8  13.3 999.0 99.0 99.00
2014 03 20 06 50 311  5.9  7.0  2.68 11.43  7.81 323 1018.3  12.6  13.2 999.0 99.0 99.00
2014 03 20 07 50 324  5.3  6.6  2.62 14.81  7.98 327 1018.4  12.5  13.2 999.0 99.0 99.00
2014 03 20 08 50 329  4.5  5.7  2.58 14.81  8.30 309 1018.5  12.4  13.2 999.0 99.0 99.00
2014 03 20 09 50 319  5.3  6.7 99.00 99.00 99.00 999 1018.4  12.3  13.2 999.0 99.0 99.00
2014 03 20 10 50 315  5.4  6.8  2.65 14.81  8.45 300 1017.9  12.2  13.2 999.0 99.0 99.00
2014 03 20 11 50 318  4.3  5.4  2.58 14.81  8.08 298 1017.8  12.0  13.1 999.0 99.0 99.00
2014 03 20 12 50 331  4.6  6.1  2.72 14.81  8.35 299 1017.6  12.0  13.1 999.0 99.0 99.00
2014 03 20 13 50 339  4.0  5.5  2.66 14.81  8.42 298 1017.6  11.8  13.0 999.0 99.0 99.00
2014 03 20 14 50 342  3.3  4.6  2.95 12.90  8.99 303 1017.9  12.0  13.0 999.0 99.0 99.00
2014 03 20 15 50 331  3.6  4.8  2.83 14.81  8.77 300 1018.1  12.2  13.0 999.0 99.0 99.00
2014 03 20 16 50 320  4.8  6.1  2.93 10.00  8.85 313 1018.5  12.4  13.1 999.0 99.0 99.00
2014 03 20 17 50 328  5.6  7.2  2.64 13.79  8.06 308 1018.4  12.2  13.2 999.0 99.0 99.00
2014 03 20 18 50 321  6.9  8.5  3.07 17.39  8.45 305 1018.0  12.2  13.3 999.0 99.0 99.00
2014 03 20 19 50 331  8.2 10.0  3.17 16.00  8.16 319 1017.5  11.9  13.4 999.0 99.0 99.00
2014 03 20 21 50 328  9.4 11.4  3.38 14.81  8.13 316 1016.2  12.2  13.5 999.0 99.0 99.00
2014 03 20 22 50 322  9.7 11.6  3.63 16.00  7.91 322 1015.9  12.2  13.5 999.0 99.0 99.00
2014 03 20 23 50 326 10.3 12.8 99.00 99.00 99.00 999 1015.4  12.2  13.5 999.0 99.0 99.00
2014 03 21 00 50 328 11.4 13.3 99.00 99.00 99.00 999 1015.2  12.0  13.5 999.0 99.0 99.00
2014 03 21 01 50 328 11.0 13.3  3.80 16.00  7.85 325 1015.0  12.0  13.5 999.0 99.0 99.00
2014 03 21 02 50 327 11.3 13.4  3.75 12.90  7.59 316 1014.8  11.9  13.4 999.0 99.0 99.00
2014 03 21 03 50 324 11.0 13.3  3.36  9.09  7.40 322 1015.4  11.9  13.4 999.0 99.0 99.00
2014 03 21 04 50 329 10.0 11.6  3.43 10.00  7.19 316 1015.8  11.8  13.4 999.0 99.0 99.00
2014 03 21 05 50 327  9.1 10.8 99.00 99.00 99.00 999 1016.1  11.7  13.4 999.0 99.0 99.00
2014 03 21 06 50 325  8.9 10.5 99.00 99.00 99.00 999 1016.0  11.6  13.3 999.0 99.0 99.00
2014 03 21 07 50 318  8.3  9.9 99.00 99.00 99.00 999 1015.8  11.5  13.3 999.0 99.0 99.00
2014 03 21 08 50 318  8.2 99.0 99.00 99.00 99.00 999 1015.5  11.5  13.2 999.0 99.0 99.00
2014 03 21 09 50 323  8.3 10.6 99.00 99.00 99.00 999 1015.5  11.4  13.1 999.0 99.0 99.00
2014 03 21 11 50 326  6.8  8.2  3.34 12.12  7.69 311 1015.1  11.3  13.0 999.0 99.0 99.00
2014 03 21 12 50 316  6.4  8.8 99.00 99.00 99.00 999 1015.3  11.3  13.0 999.0 99.0 99.00
2014 03 21 13 50 327  6.3  8.0  2.94 12.12  7.52 304 1015.5  11.2  13.0 999.0 99.0 99.00
2014 03 21 14 50 317  5.4  8.2 99.00 99.00 99.00 999 1015.9  11.2  12.9 999.0 99.0 99.00
2014 03 21 15 50 308  5.1  7.0  2.99 14.81  8.08 304 1016.3  11.4  12.9 999.0 99.0 99.00
2014 03 21 16 50 306  5.2  6.7  3.26 14.81  8.50 302 1016.9  11.7  12.9 999.0 99.0 99.00
2014 03 21 17 50 333  3.6  5.3  3.20 11.43  8.29 307 1017.3  11.5  13.0 999.0 99.0 99.00
2014 03 21 18 50 297  3.2  4.8  2.99 14.81  8.12 313 1017.3  11.8  13.1 999.0 99.0 99.00
2014 03 21 19 50 289  2.1  3.9  3.00 13.79  8.38 318 1016.9  12.1  13.2 999.0 99.0 99.00
2014 03 21 20 50 294  2.9  4.4 99.00 99.00 99.00 999 1016.7  12.1  13.4 999.0 99.0 99.00
2014 03 21 21 50 281  3.1  5.1  2.91 11.43  8.41 313 1016.2  12.1  13.6 999.0 99.0 99.00
2014 03 21 22 50 274  2.9  4.3  2.54 14.81  8.06 312 1016.3  11.9  13.7 999.0 99.0 99.00
2014 03 21 23 50 251  2.7  4.5  2.55 14.81  8.41 312 1015.9  12.0  13.7 999.0 99.0 99.00
2014 03 22 00 50 299  2.2  3.5  2.73 12.12  8.74 314 1015.9  11.8  13.8 999.0 99.0 99.00
2014 03 22 01 50 317  2.4  4.6  2.74 13.79  8.49 311 1016.0  11.5  13.7 999.0 99.0 99.00
2014 03 22 02 50 315  2.3  4.1  2.56 14.81  7.95 302 1016.1  11.3  13.6 999.0 99.0 99.00
2014 03 22 03 50 281 99.0  4.9 99.00 99.00 99.00 999 1016.4  10.8  13.5 999.0 99.0 99.00
2014 03 22 04 50 332  1.9  3.4  2.64 10.81  8.36 310 1016.9  10.5  13.6 999.0 99.0 99.00
2014 03 22 05 50 342  2.4  3.6  2.45 12.90  8.34 312 1017.0  10.2  13.5 999.0 99.0 99.00
2014 03 22 06 50 349  2.7  3.8  2.57 13.79  8.39 317 1017.2  10.4  13.4 999.0 99.0 99.00
2014 03 22 07 50 344  2.5  3.5  2.59 13.79  8.23 318 1017.0  10.6  13.3 999.0 99.0 99.00
2014 03 22 08 50 338  2.0  3.1  2.61 11.43  7.79 329 1017.0  10.9  13.2 999.0 99.0 99.00
2014 03 22 09 50 326  4.1  5.6  2.90 12.90  8.23 315 1016.9  11.5  13.2 999.0 99.0 99.00
2014 03 22 10 50 305  5.5 99.0  3.21 11.43  8.18 316 1016.8  11.4  13.1 999.0 99.0 99.00
2014 03 22 11 50 332  4.9  7.3  3.19 11.43  8.11 314 1017.2  11.2  13.1 999.0 99.0 99.00
2014 03 22 12 50 321  4.7  6.6  3.20 10.00  7.87 319 1017.5  11.0  13.1 999.0 99.0 99.00
2014 03 22 13 50 315  5.1  7.4  2.96 10.81  7.83 317 1018.0  11.0  13.1 999.0 99.0 99.00
2014 03 22 14 50 344  4.1  5.6  2.93 10.81  7.64 314 1018.7  10.9  13.1 999.0 99.0 99.00
2014 03 22 15 50 343  3.0  4.7  2.88 10.81  7.65 312 1019.2  10.8  13.1 999.0 99.0 99.00
2014 03 22 16 50 323  2.7  4.5  2.67 10.00  7.71 319 1020.0  10.9  13.1 999.0 99.0 99.00
2014 03 22 17 50 328  2.8  4.9  2.58 11.43  7.59 319 1020.5  10.8  13.2 999.0 99.0 99.00
2014 03 22 18 50 319  2.8  4.4  2.52 10.00  7.27 327 1020.6  10.9  13.3 999.0 99.0 99.00
2014 03 22 19 50 329  2.2  3.4  2.27 10.81  7.55 323 1020.5  11.2  13.4 999.0 99.0 99.00
2014 03 22 20 50 292  3.3  5.0  2.33 10.81  7.41 322 1020.1  11.4  13.6 999.0 99.0 99.00
2014 03 22 21 50 305  4.1  5.8  2.25 10.00  7.29 321 1019.7  11.6  13.7 999.0 99.0 99.00
2014 03 22 22 50 298  4.7  6.5 99.00 99.00 99.00 999 1019.5  11.6  13.7 999.0 99.0 99.00
2014 03 22 23 50 307  5.5  7.4 99.00 99.00 99.00 999 1019.1  11.6  13.7 999.0 99.0 99.00
2014 03 23 00 50 301  4.8  6.6 99.00 99.00 99.00 999 1019.4  11.5  13.7 999.0 99.0 99.00
2014 03 23 01 50 317  5.5  7.1  2.25 11.43  7.35 317 1019.4  11.6  13.6 999.0 99.0 99.00
2014 03 23 02 50 313  5.5  6.7  2.27  9.09  7.26 323 1019.7  11.6  13.5 999.0 99.0 99.00
2014 03 23 03 50 319  5.4  6.7 99.00 99.00 99.00 999 1020.2  11.7  13.4 999.0 99.0 99.00
2014 03 23 04 50 323  5.4  6.7  1.92 17.39  6.67 298 1020.6  11.7  13.3 999.0 99.0 99.00
2014 03 23 05 50 331  5.8  6.8 99.00 99.00 99.00 999 1021.0  11.6  13.3 999.0 99.0 99.00
2014 03 23 06 50 330  5.0  6.2  2.17 17.39  6.99 297 1020.9  11.6  13.3 999.0 99.0 99.00
2014 03 23 07 50 334  5.4  6.9 99.00 99.00 99.00 999 1020.8  11.4  13.3 999.0 99.0 99.00
2014 03 23 08 50 333  4.8  6.7  2.03 17.39  7.25 299 1021.0  11.4  13.2 999.0 99.0 99.00
2014 03 23 09 50 338  4.7  5.8 99.00 99.00 99.00 999 1021.0  11.3  13.2 999.0 99.0 99.00
2014 03 23 10 50 320  5.5  7.5 99.00 99.00 99.00 999 1020.7  11.1  13.1 999.0 99.0 99.00
2014 03 23 11 50 314  5.6 99.0 99.00 99.00 99.00 999 9999.0 999.0 999.0 999.0 99.0 99.00
2014 03 23 12 50 344  5.3  6.9 99.00 99.00 99.00 999 1020.7  11.0  13.1 999.0 99.0 99.00
2014 03 23 13 50 337  5.1  7.0 99.00 99.00 99.00 999 1021.1  10.8  13.1 999.0 99.0 99.00
2014 03 23 14 50 322  5.7 99.0 99.00 99.00 99.00 999 9999.0 999.0 999.0 999.0 99.0 99.00
2014 03 23 15 50 343  3.7  5.1  2.03 16.00  8.29 300 1022.0  10.7  13.1 999.0 99.0 99.00
2014 03 23 16 50 359  3.2  4.4  1.99 16.00  7.99 296 1022.3  10.9  13.1 999.0 99.0 99.00
2014 03 23 17 50 331  2.9  4.3  1.75 16.00  7.50 301 1022.8  10.9  13.2 999.0 99.0 99.00
2014 03 23 18 50 331  2.7  3.7  2.07 16.00  8.72 307 1022.9  11.0  13.4 999.0 99.0 99.00
2014 03 23 19 50 290  3.9  5.3 99.00 99.00 99.00 999 1022.8  11.1  13.6 999.0 99.0 99.00
2014 03 23 20 50 304  5.4  7.2  2.07 16.00  8.58 307 1022.4  11.3  13.7 999.0 99.0 99.00
2014 03 23 21 50 309  5.7  7.1  2.33 14.81  8.89 303 1021.6  11.6  13.8 999.0 99.0 99.00
2014 03 23 22 50 309  6.5  8.3  2.00 16.00  8.07 314 1021.0  11.5  13.8 999.0 99.0 99.00
2014 03 23 23 50 313  6.8  8.0 99.00 99.00 99.00 999 1020.4  11.5  13.8 999.0 99.0 99.00
2014 03 24 00 50 313  7.0  8.2 99.00 99.00 99.00 999 1020.1  11.5  13.8 999.0 99.0 99.00
2014 03 24 01 50 313  7.4  8.8  2.04 14.81  7.31 295 1020.0  11.6  13.7 999.0 99.0 99.00
2014 03 24 02 50 320  7.8  9.3  2.02 14.81  6.98 290 1019.9  11.4  13.6 999.0 99.0 99.00
2014 03 24 03 50 328  7.5  9.0  1.90 14.81  6.54 296 1020.1  11.2  13.6 999.0 99.0 99.00
2014 03 24 04 50 330  6.8  8.0  2.00 14.81  6.84 300 1020.5  11.2  13.5 999.0 99.0 99.00
2014 03 24 05 50 334  6.1  7.3  1.66 14.81  6.21 303 1020.3  11.4  13.5 999.0 99.0 99.00
2014 03 24 06 50 353  5.8  7.3  1.81 14.81  7.08 295 1020.4  11.0  13.4 999.0 99.0 99.00
2014 03 24 07 50 347  5.1  6.1  1.50 14.81  6.90 289 1020.3  10.9  13.4 999.0 99.0 99.00
2014 03 24 08 50 360  4.3  5.1  1.59 14.81  7.57 299 1020.1  11.0  13.4 999.0 99.0 99.00
2014 03 24 09 50 347  3.5  4.9  1.56 14.81  7.83 307 1019.8  10.7  13.3 999.0 99.0 99.00
2014 03 24 10 50 333  3.8  4.8  1.57 14.81  8.04 303 1019.5  10.1  13.3 999.0 99.0 99.00
2014 03 24 11 50 334  5.5  6.9  1.46 13.79  7.73 303 1019.3  10.1  13.3 999.0 99.0 99.00
2014 03 24 12 50 351  4.7  5.7  1.57 14.81  8.24 302 1019.4  11.0  13.3 999.0 99.0 99.00
2014 03 24 13 50 347  4.2  5.3  1.63 14.81  8.44 286 1020.0  11.2  13.3 999.0 99.0 99.00
2014 03 24 14 50 340  4.8  5.9  1.58 13.79  8.14 289 1020.4  10.7  13.3 999.0 99.0 99.00
2014 03 24 15 50 335  4.5  6.6  1.61 13.79  7.93 288 1021.1  10.2  13.3 999.0 99.0 99.00
2014 03 24 16 50 321  6.4  8.3  1.47 13.79  7.33 289 1021.7  10.8  13.3 999.0 99.0 99.00
2014 03 24 17 50 335  5.9  7.5  1.44 12.90  6.73 281 1022.0  10.3  13.3 999.0 99.0 99.00
2014 03 24 18 50 336  6.3  7.8  1.52 12.90  6.42 297 1021.7  10.1  13.4 999.0 99.0 99.00
2014 03 24 19 50 323  5.4  6.7  1.39 13.79  6.13 278 1021.4  10.6  13.5 999.0 99.0 99.00
2014 03 24 20 50 312  6.7  8.0  1.62 12.90  6.80 290 1021.0  11.1  13.6 999.0 99.0 99.00
2014 03 24 21 50 318  6.4  7.6 99.00 99.00 99.00 999 1020.0  11.6  13.7 999.0 99.0 99.00
2014 03 24 22 50 315  7.4  8.5  1.33 12.90  5.70 299 1019.1  12.0  13.8 999.0 99.0 99.00
2014 03 24 23 50 320  7.4  8.4 99.00 99.00 99.00 999 1018.3  12.3  13.8 999.0 99.0 99.00
2014 03 25 00 50 325  7.5  8.6  1.34 13.79  5.67 281 1017.6  12.6  13.8 999.0 99.0 99.00
2014 03 25 01 50 317  8.0  9.1  1.28 13.79  5.58 293 1017.6  12.8  13.8 999.0 99.0 99.00
2014 03 25 02 50 323  7.5  9.1  1.38 12.12  5.86 263 1017.3  12.5  13.8 999.0 99.0 99.00
2014 03 25 03 50 316  7.0  8.4  1.34 13.79  5.50 285 1017.6  12.4  13.7 999.0 99.0 99.00
2014 03 25 04 50 314  7.0  8.2  1.35 12.90  5.95 286 1018.0  12.6  13.7 999.0 99.0 99.00
2014 03 25 05 50 314  7.5  8.8 99.00 99.00 99.00 999 1018.3  12.6  13.6 999.0 99.0 99.00
2014 03 25 06 50 325  6.4  7.9 99.00 99.00 99.00 999 1018.2  12.8  13.6 999.0 99.0 99.00
2014 03 25 07 50 323  6.2  7.2  1.27 17.39  6.23 295 1018.3  12.7  13.5 999.0 99.0 99.00
2014 03 25 08 50 327  5.2  6.0  1.27 12.90  6.36 288 1018.1  12.4  13.4 999.0 99.0 99.00
2014 03 25 09 50 335  4.3  5.1 99.00 99.00 99.00 999 1017.4  12.2  13.4 999.0 99.0 99.00
2014 03 25 10 50 325  4.5  5.5  1.19 17.39  6.72 290 1017.1  12.1  13.3 999.0 99.0 99.00
2014 03 25 11 50 332  3.8  4.8 99.00 99.00 99.00 999 1016.8  12.0  13.3 999.0 99.0 99.00
2014 03 25 12 50 318  2.1  2.8  1.56 16.00  9.16 292 1016.7  11.9  13.2 999.0 99.0 99.00
2014 03 25 13 50 273  2.4  3.1  1.52 16.00  9.04 293 1016.7  12.0  13.2 999.0 99.0 99.00
2014 03 25 14 50 274  4.2  5.8  1.51 16.00  8.96 284 1017.2  12.3  13.1 999.0 99.0 99.00
2014 03 25 15 50 321  1.6  2.8  1.46 16.00  8.97 278 1017.3  12.1  13.1 999.0 99.0 99.00
2014 03 25 16 50  68  1.4  2.0  1.52 16.00  9.17 284 1017.2  12.6  13.2 999.0 99.0 99.00
2014 03 25 17 50 113  1.2  2.0  1.41 16.00  8.32 287 1017.4  12.8  13.4 999.0 99.0 99.00
2014 03 25 18 50 128  3.9  5.1  1.47 16.00  8.65 296 1017.4  12.2  13.6 999.0 99.0 99.00
2014 03 25 19 50 142  5.6  6.7  1.53 16.00  9.18 300 1016.1  12.2  13.6 999.0 99.0 99.00
2014 03 25 20 50 171  3.9  4.7  1.47 16.00  9.33 287 1015.8  12.5  13.6 999.0 99.0 99.00
2014 03 25 21 50 199  5.5  6.4  1.56 16.00  9.25 287 1014.6  12.7  13.7 999.0 99.0 99.00
2014 03 25 22 50 284  3.1  4.3  1.72 16.00  8.60 301 1013.9  13.3  13.7 999.0 99.0 99.00
2014 03 25 23 50 297  4.4  5.4  1.86 16.00  8.66 294 1013.8  13.4  13.8 999.0 99.0 99.00
2014 03 26 00 50 284  4.9  6.2  1.79 16.00  7.77 289 1013.5  13.7  13.8 999.0 99.0 99.00
2014 03 26 01 50 286  4.8  5.9  1.82 14.81  7.42 282 1013.6  13.6  13.8 999.0 99.0 99.00
2014 03 26 02 50 278  4.3  5.2  2.03 16.00  7.74 280 1013.3  13.3  13.7 999.0 99.0 99.00
2014 03 26 03 50 271  2.4  3.1  1.97 16.00  7.76 280 1013.1  13.3  13.6 999.0 99.0 99.00
2014 03 26 04 50 245  3.3  4.2  1.96 14.81  7.70 291 1013.0  13.3  13.6 999.0 99.0 99.00
2014 03 26 05 50 242  4.2  5.5  1.86 16.00  8.12 277 1013.0  13.2  13.5 999.0 99.0 99.00
2014 03 26 06 50 266  5.2  6.3  1.88 14.81  8.55 286 1012.6  13.2  13.5 999.0 99.0 99.00
2014 03 26 07 50 265  5.1  6.2  2.25 16.00  9.31 284 1012.6  13.1  13.5 999.0 99.0 99.00
2014 03 26 08 50 255  5.5  6.9  2.59 14.81  9.75 280 1012.3  13.1  13.4 999.0 99.0 99.00
2014 03 26 09 50 252  5.2  6.3 99.00 99.00 99.00 999 1012.2  13.2  13.4 999.0 99.0 99.00
2014 03 26 10 50 248  5.4  7.1  2.97 14.81 10.16 283 1011.6  13.1  13.4 999.0 99.0 99.00
2014 03 26 11 50 232  5.3  6.6  3.11 14.81 10.17 288 1011.3  13.1  13.4 999.0 99.0 99.00
2014 03 26 12 50 208  5.9  7.1  3.33 14.81 10.03 284 1010.9  13.1  13.4 999.0 99.0 99.00
2014 03 26 13 50 212  7.7  9.2 99.00 99.00 99.00 999 1010.9  12.8  13.4 999.0 99.0 99.00
2014 03 26 14 50 228  8.6 10.9  3.22 13.79  9.25 293 1010.8  13.3  13.3 999.0 99.0 99.00
2014 03 26 15 50 213  7.5  9.5  3.36 13.79  9.18 292 1010.9  12.7  13.4 999.0 99.0 99.00
2014 03 26 16 50 232  6.5  8.1  4.11 14.81  9.97 282 1011.5  13.4  13.4 999.0 99.0 99.00
2014 03 26 17 50 242  8.4 10.3 99.00 99.00 99.00 999 1012.1  13.6  13.4 999.0 99.0 99.00
2014 03 26 18 50 234  7.5  9.3  3.24 13.79  7.92 285 1012.4  13.5  13.5 999.0 99.0 99.00
2014 03 26 19 50 263  7.2  9.1  3.13 13.79  7.94 287 1012.6  13.4  13.6 999.0 99.0 99.00
2014 03 26 20 50 280  7.9  9.5 99.00 99.00 99.00 999 1012.9  13.4  13.7 999.0 99.0 99.00
2014 03 26 21 50 287  7.0  8.3  3.30 13.79  8.47 283 1013.1  13.5  13.8 999.0 99.0 99.00
2014 03 26 22 50 283  6.8  7.9  3.04 13.79  8.34 292 1013.2  13.6  13.8 999.0 99.0 99.00
2014 03 26 23 50 269  5.2  6.9  2.93 13.79  8.28 292 1013.1  13.7  13.8 999.0 99.0 99.00
2014 03 27 00 50 275  5.1  6.7  2.99 14.81  8.25 292 1013.4  13.6  13.8 999.0 99.0 99.00
2014 03 27 01 50 268  6.1  7.5  2.93 12.12  8.47 294 1013.4  13.5  13.7 999.0 99.0 99.00
2014 03 27 02 50 271  5.4  6.9  2.90 12.90  8.40 287 1013.8  13.4  13.6 999.0 99.0 99.00
2014 03 27 03 50 264  4.3  5.6  3.09 13.79  8.64 292 1014.4  13.3  13.5 999.0 99.0 99.00
2014 03 27 04 50 276  4.7  6.1  2.72 12.12  8.26 283 1015.1  13.4  13.4 999.0 99.0 99.00
2014 03 27 05 50 271  4.8  6.0 99.00 99.00 99.00 999 1015.5  13.3  13.3 999.0 99.0 99.00
2014 03 27 07 50 282  3.9  4.8 99.00 99.00 99.00 999 1016.4  13.1  13.3 999.0 99.0 99.00
2014 03 27 08 50 262  3.5  4.7 99.00 99.00 99.00 999 1016.8  13.2  13.3 999.0 99.0 99.00
2014 03 27 09 50 252  3.4  4.3  2.67 13.79  8.27 284 1016.5  13.2  13.3 999.0 99.0 99.00
2014 03 27 10 50 247  3.0  3.8  2.58 12.90  8.00 285 1016.3  13.3  13.3 999.0 99.0 99.00
2014 03 27 11 50 305  3.4  5.0  2.65 10.81  8.12 284 1016.2  13.1  13.3 999.0 99.0 99.00
2014 03 27 12 50 280  3.9  5.1  2.74 11.43  8.04 283 1016.5  13.1  13.3 999.0 99.0 99.00
2014 03 27 13 50 283  3.7  4.7  2.60 12.12  8.08 279 1017.1  13.1  13.3 999.0 99.0 99.00
2014 03 27 14 50 283  3.9  4.9 99.00 99.00 99.00 999 1017.8  13.2  13.3 999.0 99.0 99.00
2014 03 27 15 50 280  3.4  4.7  2.38 12.12  7.81 284 1018.5  13.3  13.3 999.0 99.0 99.00
2014 03 27 16 50 275  3.7  5.0  2.53 12.90  8.10 273 1019.1  13.4  13.4 999.0 99.0 99.00
2014 03 27 17 50 263  2.5  3.6  2.50 12.12  8.07 289 1019.8  13.5  13.5 999.0 99.0 99.00
2014 03 27 18 50 269  2.1  2.8  2.30 12.12  7.98 288 1020.4  13.6  13.7 999.0 99.0 99.00
2014 03 27 19 50 249  1.7  2.7  2.67 11.43  8.83 292 1020.7  13.8  14.0 999.0 99.0 99.00
2014 03 27 20 50 242  2.4  3.1  2.48 12.12  8.61 290 1020.5  13.7  14.3 999.0 99.0 99.00
2014 03 27 21 50 231  3.0  4.0  2.62 12.12  8.89 294 1020.2  13.8  14.6 999.0 99.0 99.00
2014 03 27 22 50 234  2.7  3.3  2.58 12.12  9.04 288 1019.9  14.0  14.6 999.0 99.0 99.00
2014 03 27 23 50 224  2.3  3.1  2.74 12.12  9.07 292 1019.6  14.0  14.6 999.0 99.0 99.00
2014 03 28 00 50 221  2.6  3.4  2.68 11.43  8.97 297 1019.6  14.0  14.7 999.0 99.0 99.00
2014 03 28 01 50 220  2.4  3.0  2.58 10.81  8.81 291 1019.7  13.9  14.6 999.0 99.0 99.00
2014 03 28 02 50 218  1.9  2.7  2.77 12.12  9.30 293 1019.9  13.7  14.4 999.0 99.0 99.00
2014 03 28 03 50 213  3.0  3.5  3.02 12.90  9.43 300 1020.3  13.7  14.3 999.0 99.0 99.00
2014 03 28 04 50 223  3.4  4.3  2.86 12.90  9.65 298 1020.8  13.7  14.2 999.0 99.0 99.00
2014 03 28 05 50 204  2.5  3.3  3.26 12.90 10.00 290 1021.2  13.7  14.0 999.0 99.0 99.00
2014 03 28 06 50 261  4.5  5.5  2.69 12.12  9.22 288 1021.4  13.2  13.9 999.0 99.0 99.00
2014 03 28 07 50 270  0.5  1.2 99.00 99.00 99.00 999 1021.3  13.1  14.0 999.0 99.0 99.00
2014 03 28 08 50  22  0.1  0.6  2.41 12.12  8.91 287 1021.4  13.0  13.9 999.0 99.0 99.00
2014 03 28 09 50 109  1.1  1.7  2.50 11.43  9.04 292 1021.3  13.0  13.8 999.0 99.0 99.00
2014 03 28 10 50 125  1.9  2.7  2.30 12.12  8.78 293 1020.9  13.0  13.7 999.0 99.0 99.00
2014 03 28 11 50 135  1.5  2.7  2.81 14.81  9.42 294 1020.9  13.2  13.7 999.0 99.0 99.00
2014 03 28 12 50 102  2.6  3.6  2.20 11.43  8.51 299 1021.2  13.0  13.7 999.0 99.0 99.00
2014 03 28 13 50 139  2.5  4.1  2.50 11.43  9.54 307 1021.8  13.1  13.6 999.0 99.0 99.00
2014 03 28 14 50 122  3.7  4.9  2.38 14.81  8.96 307 1022.3  13.0  13.6 999.0 99.0 99.00
2014 03 28 15 50 122  4.0  5.1  2.16 11.43  8.62 301 1022.7  13.1  13.6 999.0 99.0 99.00
2014 03 28 16 50 125  4.4  5.8  2.31 10.81  9.05 297 1023.0  13.4  13.6 999.0 99.0 99.00
2014 03 28 17 50 126  4.1  5.2  2.24 10.81  8.98 289 1023.3  13.5  13.7 999.0 99.0 99.00
2014 03 28 18 50 131  3.9  4.7  2.12 10.81  8.67 294 1023.6  13.2  13.9 999.0 99.0 99.00
2014 03 28 19 50 148  3.3  4.1  1.96 10.81  8.49 284 1023.5  13.6  14.1 999.0 99.0 99.00
2014 03 28 20 50 184  3.8  4.5  1.85 10.81  8.31 288 1023.2  13.8  14.3 999.0 99.0 99.00
2014 03 28 21 50 197  4.3  5.0  1.66  9.09  7.99 288 1022.5  13.9  14.4 999.0 99.0 99.00
2014 03 28 22 50 203  4.7  5.2  1.87 10.00  8.54 284 1021.8  14.0  14.4 999.0 99.0 99.00
2014 03 28 23 50 208  3.9  4.8  1.79 10.81  8.12 279 1021.4  14.2  14.5 999.0 99.0 99.00
2014 03 29 00 50 184  3.0  3.8  1.69 10.00  7.55 286 1020.9  14.2  14.5 999.0 99.0 99.00
2014 03 29 01 50 204  3.1  4.0  1.63 10.00  7.62 276 1021.1  14.2  14.5 999.0 99.0 99.00
2014 03 29 02 50 215  4.2  5.2  1.52 10.81  7.60 279 1021.1  14.0  14.4 999.0 99.0 99.00
2014 03 29 03 50 217  4.6  5.7  1.58 10.81  7.63 287 1021.6  14.0  14.3 999.0 99.0 99.00
2014 03 29 04 50 216  4.1  5.0  1.63 10.00  7.57 284 1021.7  13.9  14.2 999.0 99.0 99.00
2014 03 29 05 50 219  4.4  5.0  1.47  9.09  7.22 294 1021.9  13.9  14.1 999.0 99.0 99.00
2014 03 29 06 50 203  4.2  5.0  1.62 10.00  7.59 293 1021.6  13.9  14.0 999.0 99.0 99.00
2014 03 29 07 50 193  4.5  5.1  1.52 10.00  7.48 285 1021.5  13.9  14.0 999.0 99.0 99.00
2014 03 29 08 50 208  4.7  5.7  1.54 13.79  7.22 281 1021.2  13.9  13.9 999.0 99.0 99.00
2014 03 29 09 50 172  3.5  4.1  1.57 10.00  7.05 290 1020.9  13.9  13.9 999.0 99.0 99.00
2014 03 29 10 50 160  4.8  6.1  1.49 10.00  7.01 297 1020.3  13.8  13.9 999.0 99.0 99.00
2014 03 29 11 50 173  4.8  5.7  1.52 13.79  7.21 292 1019.8  13.8  13.9 999.0 99.0 99.00
2014 03 29 12 50 162  5.6  6.6  1.48 10.00  6.99 287 1019.5  13.8  13.8 999.0 99.0 99.00
2014 03 29 13 50 164  6.0  7.2  1.44 13.79  6.49 293 1019.3  13.7  13.8 999.0 99.0 99.00
2014 03 29 14 50 165  6.6  7.9  1.41 14.81  6.24 294 1019.2  13.7  13.7 999.0 99.0 99.00
2014 03 29 15 50 166  6.7  8.4  1.48  9.09  5.92 289 1019.1  13.8  13.6 999.0 99.0 99.00
2014 03 29 16 50 172  6.8  8.8  1.51 10.00  5.83 274 1019.0  13.9  13.6 999.0 99.0 99.00
2014 03 29 17 50 172  8.0  9.5  1.65 10.00  5.81 281 1019.2  13.9  13.7 999.0 99.0 99.00
2014 03 29 18 50 175  7.9  9.4  1.74  9.09  5.76 288 1019.2  13.9  13.7 999.0 99.0 99.00
2014 03 29 19 50 208  5.6  7.2 99.00 99.00 99.00 999 1019.3  13.9  13.8 999.0 99.0 99.00
2014 03 29 20 50 150  4.5  6.4 99.00 99.00 99.00 999 1018.2  13.8  13.8 999.0 99.0 99.00
2014 03 29 21 50 202  4.2  5.2  2.00  9.09  6.91 296 1018.4  14.0  13.8 999.0 99.0 99.00
2014 03 29 22 50 300  6.0  7.1  2.03 12.90  7.22 279 1018.1  12.8  13.9 999.0 99.0 99.00
2014 03 29 23 50 309  7.0  8.3  2.32 14.81  7.47 276 1017.7  12.9  13.9 999.0 99.0 99.00
2014 03 30 00 50 310  6.3  7.5  2.38 12.90  7.98 291 1017.3  12.8  13.9 999.0 99.0 99.00
2014 03 30 01 50 294  4.6  5.6  2.57 12.90  8.44 294 1017.6  12.5  13.9 999.0 99.0 99.00
2014 03 30 02 50 246  2.6  3.7  2.43 13.79  8.78 292 1017.3  12.4  13.8 999.0 99.0 99.00
2014 03 30 03 50 247  3.6  4.8  2.81 13.79  9.76 286 1017.7  12.5  13.8 999.0 99.0 99.00
2014 03 30 04 50 246  7.8  9.5  3.01 12.90 10.42 295 1017.5  12.6  13.7 999.0 99.0 99.00
2014 03 30 05 50 268  8.9 10.4 99.00 99.00 99.00 999 1017.7  12.7  13.6 999.0 99.0 99.00
2014 03 30 06 50 336  6.4  7.7  3.19 13.79  9.01 288 1018.1  11.8  13.6 999.0 99.0 99.00
2014 03 30 07 50 311  6.7  8.1 99.00 99.00 99.00 999 1018.3  12.6  13.5 999.0 99.0 99.00
2014 03 30 08 50 309  8.7 10.3 99.00 99.00 99.00 999 1018.7  12.8  13.5 999.0 99.0 99.00
2014 03 30 09 50 314  7.7 10.5 99.00 99.00 99.00 999 1018.8  12.7  13.5 999.0 99.0 99.00
2014 03 30 10 50 315  7.9  9.7 99.00 99.00 99.00 999 1018.8  12.7  13.4 999.0 99.0 99.00
2014 03 30 11 50 322  7.8  9.2  2.84 13.79  7.93 293 1019.0  12.6  13.4 999.0 99.0 99.00
2014 03 30 12 50 331  7.6  9.1 99.00 99.00 99.00 999 1019.0  12.5  13.4 999.0 99.0 99.00
2014 03 30 13 50 319  7.1  8.7  2.98 13.79  7.92 289 1019.8  12.4  13.3 999.0 99.0 99.00
2014 03 30 14 50 326  5.7  6.8  3.06 13.79  8.19 280 1020.1  12.4  13.3 999.0 99.0 99.00
2014 03 30 15 50 331  5.4  6.8  3.18 13.79  8.49 285 1020.7  12.3  13.3 999.0 99.0 99.00
2014 03 30 16 50 335  4.3  5.5  2.89 12.90  8.49 290 1021.0  12.4  13.3 999.0 99.0 99.00
2014 03 30 17 50 332  3.5  4.5  2.61 12.90  8.31 288 1021.4  12.4  13.4 999.0 99.0 99.00
2014 03 30 18 50 325  3.0  3.9  2.84 12.90  8.91 288 1021.8  12.5  13.5 999.0 99.0 99.00
2014 03 30 19 50 318  2.5  3.9  3.24 12.90  9.47 281 1021.8  12.7  13.7 999.0 99.0 99.00
2014 03 30 20 50 294  3.3  4.7  3.16 12.90  9.49 282 1021.8  12.7  13.9 999.0 99.0 99.00
2014 03 30 21 50 284  4.0  5.9  3.12 13.79  9.43 291 1021.8  12.8  14.0 999.0 99.0 99.00
2014 03 30 22 50 316  2.9  4.1  3.74 12.90 10.04 286 1021.1  12.8  14.1 999.0 99.0 99.00
2014 03 30 23 50 276  3.6  5.5  3.06 13.79  9.63 291 1020.6  13.1  14.2 999.0 99.0 99.00
2014 03 31 00 50 279  3.8  4.8 99.00 99.00 99.00 999 1020.2  13.1  14.2 999.0 99.0 99.00
2014 03 31 01 50 284  4.5  6.0  2.95 12.90  9.44 300 1020.5  12.8  14.2 999.0 99.0 99.00
2014 03 31 02 50 286  4.1  5.4  3.29 12.90  9.84 291 1020.5  12.6  14.1 999.0 99.0 99.00
2014 03 31 03 50 284  4.3  5.6 99.00 99.00 99.00 999 1020.6  12.6  14.0 999.0 99.0 99.00
2014 03 31 04 50 281  3.4  5.1  3.04 13.79  9.54 305 1020.2  12.6  13.9 999.0 99.0 99.00
2014 03 31 05 50 277  2.8  4.1 99.00 99.00 99.00 999 1019.7  12.5  13.8 999.0 99.0 99.00
2014 03 31 06 50 265  2.1  3.1  3.09 12.90  9.53 296 1019.5  12.5  13.7 999.0 99.0 99.00
2014 03 31 07 50 254  2.7  3.6  2.67 12.90  8.76 299 1019.1  12.5  13.6 999.0 99.0 99.00
2014 03 31 08 50 234  2.4  3.7  3.16 12.90  9.58 299 1018.9  12.4  13.6 999.0 99.0 99.00
2014 03 31 09 50 199  3.1  3.9  3.00 12.90  9.40 295 1018.2  12.4  13.5 999.0 99.0 99.00
2014 03 31 10 50 201  3.4  4.3  2.70 12.90  9.11 295 1017.5  12.4  13.5 999.0 99.0 99.00
2014 03 31 11 50 192  3.5  4.5  2.62 11.43  9.05 285 1016.8  12.5  13.5 999.0 99.0 99.00
2014 03 31 12 50 176  5.0  6.4  2.73 12.12  9.38 294 1016.1  12.6  13.4 999.0 99.0 99.00
2014 03 31 13 50 171  6.0  7.6  2.57 12.90  9.26 304 1015.6  12.6  13.4 999.0 99.0 99.00
2014 03 31 14 50 175  6.8  8.2  2.37 12.12  8.71 299 1015.5  12.7  13.4 999.0 99.0 99.00
2014 03 31 15 50 164  8.1 10.4  2.27 12.12  7.50 305 1015.0  12.9  13.4 999.0 99.0 99.00
2014 03 31 16 50 175  9.5 11.4  2.16 11.43  6.55 296 1014.4  13.1  13.4 999.0 99.0 99.00
2014 03 31 17 50 170 10.5 12.8  2.27 12.90  6.25 289 1013.9  13.1  13.5 999.0 99.0 99.00
2014 03 31 18 50 180 12.5 15.6  2.39 10.81  5.76 282 1013.4  12.6  13.5 999.0 99.0 99.00
2014 03 31 19 50 173  9.1 11.6  2.48 11.43  5.84 296 1012.6  12.1  13.5 999.0 99.0 99.00
2014 03 31 20 50 283 11.1 12.6 99.00 99.00 99.00 999 1012.3  10.3  13.5 999.0 99.0 99.00
2014 03 31 21 50 288  4.9  6.3  2.29 11.43  5.85 282 1012.8   9.9  13.4 999.0 99.0 99.00
2014 03 31 22 50 157  2.0  3.4  2.43 11.43  6.23 284 1011.6  10.5  13.4 999.0 99.0 99.00
